Time	Gap	Axial force
s	µm	N
0.00000	716.879	3.21579e-3
5.44000e-4	716.879	3.68500e-3
1.56800e-3	716.879	2.65503e-3
2.59200e-3	716.879	1.34277e-3
3.61600e-3	716.879	9.91821e-4
4.64000e-3	716.879	2.31934e-3
5.66400e-3	716.879	3.65448e-3
6.68800e-3	716.879	3.95584e-3
7.71200e-3	716.879	4.13513e-3
8.73600e-3	716.879	5.69534e-3
9.76000e-3	716.758	7.63702e-3
0.0107840	716.758	7.95364e-3
0.0118080	716.758	5.33295e-3
0.0128320	716.758	6.98090e-4
0.0138560	716.758	-2.74658e-3
0.0148800	716.758	-2.89154e-3
0.0159040	716.758	-1.90735e-5
0.0169280	716.758	3.67355e-3
0.0179520	716.758	5.47791e-3
0.0189760	716.758	4.53186e-3
0.0200000	716.758	1.53732e-3
0.0210240	716.758	-7.70569e-4
0.0220480	716.758	-6.94275e-4
0.0230720	716.758	1.40381e-3
0.0240960	716.758	3.50952e-3
0.0251200	716.758	3.69644e-3
0.0261440	716.758	2.31934e-3
0.0271680	716.758	7.85828e-4
0.0281920	716.758	-5.34058e-5
0.0292160	716.758	5.60760e-4
0.0302400	716.758	2.63214e-3
0.0312640	716.758	4.49371e-3
0.0322880	716.758	4.96674e-3
0.0333120	716.758	3.73077e-3
0.0343360	716.758	2.37656e-3
0.0353600	716.758	2.94495e-3
0.0363840	716.758	5.85938e-3
0.0374080	716.758	9.02557e-3
0.0384320	716.758	8.81958e-3
0.0394560	716.758	4.21524e-3
0.0404800	716.520	-1.33896e-3
0.0420160	716.520	-1.23978e-3
0.0440640	716.520	7.28226e-3
0.0461120	716.520	4.59671e-3
0.0481600	716.520	4.03214e-3
0.0502080	716.520	8.35037e-3
0.0522560	716.520	8.78906e-3
0.0543040	716.520	0.0107460
0.0563520	716.520	0.0118408
0.0584000	716.520	4.36401e-3
0.0604480	716.520	3.34549e-3
0.0624960	716.520	9.06754e-3
0.0645440	716.277	8.24738e-3
0.0665920	716.277	5.15747e-3
0.0686400	716.277	9.57108e-3
0.0706880	716.277	8.56018e-3
0.0727360	716.277	3.44086e-3
0.0747840	716.277	6.69861e-3
0.0768320	716.020	0.0102959
0.0788800	716.020	6.02722e-3
0.0809280	716.020	4.73022e-3
0.0829760	716.020	0.0100784
0.0850240	716.020	0.0128479
0.0870720	716.020	2.75421e-3
0.0891200	716.020	2.51770e-3
0.0911680	716.020	0.0100441
0.0932160	716.020	8.90732e-3
0.0952640	716.020	6.87408e-3
0.0973120	716.020	0.0104713
0.0993600	716.020	0.0103073
0.101408	715.961	8.94928e-3
0.103456	715.961	0.0157318
0.105504	715.961	0.0131721
0.107552	715.961	3.85284e-3
0.109600	715.961	9.06372e-3
0.111648	715.961	0.0134277
0.113696	715.719	8.79669e-3
0.115744	715.719	0.0113716
0.117792	715.719	0.0151863
0.119840	715.719	0.0100937
0.121888	715.719	7.65610e-3
0.124960	715.719	0.0111084
0.129056	715.719	8.34656e-3
0.133152	715.719	0.0156097
0.137248	715.438	6.06537e-3
0.141344	715.438	0.0111160
0.145440	715.438	9.65118e-3
0.149536	715.438	9.92584e-3
0.153632	715.438	0.0190659
0.157728	715.219	9.11331e-3
0.161824	715.219	0.0127945
0.165920	715.219	0.0154190
0.170016	715.219	0.0123901
0.174112	715.219	0.0161819
0.178208	715.219	9.66644e-3
0.182304	715.219	0.0121841
0.186400	714.938	0.0138779
0.190496	714.938	9.79233e-3
0.194592	714.938	9.97543e-3
0.198688	714.879	0.0149155
0.202784	714.879	0.0108719
0.206880	714.879	0.0188942
0.210976	714.879	0.0115395
0.215072	714.879	0.0146561
0.219168	714.879	0.0179100
0.223264	714.641	0.0125427
0.227360	714.641	0.0174675
0.231456	714.641	0.0146332
0.235552	714.359	0.0167274
0.239648	714.359	0.0108261
0.243744	714.359	0.0152664
0.247840	714.359	0.0120926
0.251936	714.359	0.0159798
0.256032	714.359	0.0108185
0.260128	714.160	0.0137711
0.264224	714.160	0.0141602
0.268320	714.160	0.0235405
0.272416	714.098	0.0108147
0.276512	714.098	0.0182495
0.280608	714.098	0.0197258
0.284704	714.098	0.0144501
0.290848	714.098	9.69696e-3
0.299040	713.781	0.0183678
0.307232	713.781	0.0182838
0.315424	713.781	0.0153923
0.323616	713.520	0.0104485
0.331808	713.438	0.0178032
0.340000	713.438	0.0269852
0.348192	713.438	0.0212669
0.356384	713.438	0.0169907
0.364576	713.219	0.0155334
0.372768	713.000	0.0257072
0.380960	713.000	0.0227051
0.389152	712.758	0.0168648
0.397344	712.758	0.0147629
0.405536	712.641	0.0182037
0.413728	712.641	0.0180473
0.421920	712.641	0.0140266
0.430112	712.379	0.0130844
0.438304	712.379	0.0217972
0.446496	712.379	0.0229073
0.454688	712.379	0.0187607
0.462880	712.141	0.0119591
0.471072	711.957	0.0200233
0.479264	711.957	0.0198898
0.487456	711.859	0.0252647
0.495648	711.859	0.0214729
0.503840	711.578	0.0199127
0.512032	711.578	0.0148849
0.520224	711.578	0.0203209
0.528416	711.277	0.0188866
0.536608	711.277	0.0178833
0.544800	711.277	0.0176125
0.552992	711.258	0.0184898
0.561184	711.258	0.0193710
0.569376	711.039	0.0183907
0.577568	711.039	0.0107460
0.585760	710.719	0.0208015
0.593952	710.719	0.0282631
0.602144	710.457	0.0233879
0.610336	710.457	0.0193710
0.622624	710.457	0.0260506
0.639008	710.219	0.0182419
0.655392	710.219	0.0247955
0.671776	709.918	0.0189438
0.688160	709.859	0.0155754
0.704544	709.859	0.0286331
0.720928	709.359	0.0229492
0.737312	709.219	0.0282097
0.753696	709.219	0.0187378
0.770080	709.000	0.0239372
0.786464	708.719	0.0194092
0.802848	708.637	0.0241051
0.819232	708.418	0.0228004
0.835616	708.418	0.0159454
0.852000	708.078	0.0256348
0.868384	708.039	0.0205574
0.884768	707.859	0.0246658
0.901152	707.520	0.0235672
0.917536	707.520	0.0211029
0.933920	707.438	0.0294228
0.950304	707.156	0.0202446
0.966688	707.000	0.0239334
0.983072	706.859	0.0263023
0.999456	706.859	0.0255508
1.01584	706.539	0.0243568
1.03222	706.500	0.0218925
1.04861	706.160	0.0289497
1.06499	706.000	0.0220108
1.08138	706.000	0.0245590
1.09776	705.801	0.0239563
1.11414	705.602	0.0180168
1.13053	705.441	0.0238495
1.14691	705.238	0.0216904
1.16330	705.238	0.0281830
1.17968	704.859	0.0245628
1.19606	704.578	0.0236511
1.21245	704.578	0.0255432
1.22883	704.500	0.0255470
1.24522	704.500	0.0244141
1.26160	704.039	0.0239296
1.28618	703.820	0.0212212
1.31894	703.441	0.0266380
1.35171	703.082	0.0293846
1.38448	702.781	0.0245209
1.41725	702.441	0.0217705
1.45002	702.039	0.0264130
1.48278	701.859	0.0258179
1.51555	701.461	0.0212135
1.54832	701.242	0.0219307
1.58109	700.859	0.0255547
1.61386	700.520	0.0233994
1.64662	700.301	0.0254288
1.67939	699.941	0.0242577
1.71216	699.441	0.0268326
1.74493	699.359	0.0230522
1.77770	698.883	0.0242386
1.81046	698.641	0.0273094
1.84323	698.359	0.0186195
1.87600	697.859	0.0243797
1.90877	697.723	0.0263710
1.94154	697.320	0.0306587
1.97430	696.883	0.0261993
2.00707	696.742	0.0258369
2.03984	696.359	0.0247993
2.07261	695.941	0.0276871
2.10538	695.742	0.0214882
2.13814	695.422	0.0238075
2.17091	695.242	0.0302086
2.20368	694.781	0.0269203
2.23645	694.359	0.0284843
2.26922	694.078	0.0284195
2.30198	693.719	0.0256386
2.33475	693.398	0.0291557
2.36752	693.219	0.0289688
2.40029	692.758	0.0291519
2.43306	692.320	0.0260506
2.46582	692.098	0.0228653
2.49859	691.820	0.0235519
2.53136	691.398	0.0296707
2.56413	691.141	0.0218887
2.61328	690.500	0.0283546
2.67882	689.777	0.0320473
2.74435	689.078	0.0301819
2.80989	688.598	0.0297241
2.87542	687.680	0.0293808
2.94096	687.141	0.0332336
3.00650	686.398	0.0285225
3.07203	685.859	0.0263519
3.13757	685.141	0.0290833
3.20310	684.539	0.0322037
3.26864	683.898	0.0234985
3.33418	683.141	0.0314636
3.39971	682.461	0.0326157
3.46525	681.922	0.0326118
3.53078	681.262	0.0298691
3.59632	680.500	0.0271950
3.66186	679.918	0.0266075
3.72739	679.258	0.0296936
3.79293	678.602	0.0339279
3.85846	677.922	0.0345917
3.92400	677.359	0.0329933
3.98954	676.723	0.0265198
4.05507	676.102	0.0271683
4.12061	675.320	0.0283012
4.18614	674.723	0.0279045
4.25168	673.961	0.0311203
4.31722	673.141	0.0299568
4.38275	672.602	0.0295105
4.44829	672.039	0.0342293
4.51382	671.500	0.0298271
4.57936	670.719	0.0251389
4.64490	670.000	0.0274620
4.71043	669.398	0.0268593
4.77597	668.578	0.0268745
4.84150	668.000	0.0343399
4.90704	667.238	0.0316315
4.97258	666.879	0.0339584
5.03811	665.859	0.0312119
5.10365	665.262	0.0308228
5.16918	664.680	0.0285110
5.26749	663.258	0.0314178
5.39856	662.078	0.0289154
5.52963	660.719	0.0314102
5.66070	659.320	0.0306664
5.79178	658.078	0.0322647
6.60038	656.359	9.51004e-3
6.60092	656.359	9.81522e-3
6.60195	656.359	0.0104141
6.60297	656.359	0.0110893
6.60399	656.359	0.0114403
6.60502	656.359	0.0110626
6.60604	656.359	0.0100822
6.60707	656.359	9.15527e-3
6.60809	656.359	9.03320e-3
6.60911	656.359	9.95255e-3
6.61014	656.359	0.0111313
6.61116	656.359	0.0117455
6.61219	656.359	0.0113716
6.61321	656.359	0.0109406
6.61423	656.359	0.0107231
6.61526	656.359	0.0104828
6.61628	656.359	0.0103302
6.61731	656.359	0.0103798
6.61833	656.359	0.0107574
6.61935	656.359	0.0110855
6.62038	656.359	0.0111008
6.62140	656.359	0.0107918
6.62243	656.359	0.0106926
6.62345	656.359	0.0108452
6.62447	656.359	0.0111923
6.62550	656.359	0.0113106
6.62652	656.359	0.0112190
6.62755	656.359	0.0113945
6.62857	656.359	0.0116844
6.62959	656.359	0.0113449
6.63062	656.359	0.0106773
6.63164	656.359	0.0101166
6.63267	656.359	0.0100899
6.63369	656.359	0.0110245
6.63471	656.359	0.0115166
6.63574	656.359	0.0115738
6.63676	656.359	0.0110588
6.63779	656.359	0.0102959
6.63881	656.359	9.74274e-3
6.63983	656.359	9.69696e-3
6.64086	656.359	0.0102997
6.64239	656.359	0.0121689
6.64444	656.359	0.0116425
6.64649	656.359	0.0102577
6.64854	656.359	8.69751e-3
6.65059	656.359	8.52966e-3
6.65263	656.359	9.53293e-3
6.65468	656.359	8.35037e-3
6.65673	656.359	8.48770e-3
6.65878	656.359	9.16672e-3
6.66083	656.359	0.0102844
6.66287	656.359	0.0112190
6.66492	656.359	0.0101395
6.66697	656.359	0.0106773
6.66902	656.359	0.0115509
6.67107	656.320	0.0100594
6.67311	656.320	8.44955e-3
6.67516	656.320	9.79996e-3
6.67721	656.320	0.0110741
6.67926	656.320	0.0113945
6.68131	656.320	0.0104866
6.68335	656.320	0.0100327
6.68540	656.320	0.0110397
6.68745	656.320	0.0112419
6.68950	656.320	9.54437e-3
6.69155	656.320	8.59070e-3
6.69359	656.320	9.01031e-3
6.69564	656.320	0.0100136
6.69769	656.320	9.21631e-3
6.69974	656.320	9.67407e-3
6.70179	656.320	0.0106354
6.70383	656.320	0.0100975
6.70588	656.320	8.72803e-3
6.70793	656.320	8.11005e-3
6.70998	656.320	7.83157e-3
6.71203	656.320	7.83539e-3
6.71407	656.320	8.26263e-3
6.71612	656.320	8.98743e-3
6.71817	656.320	0.0102234
6.72022	656.320	0.0100212
6.72227	656.320	9.72748e-3
6.72534	656.320	0.0102005
6.72943	656.320	8.58307e-3
6.73353	656.320	0.0106735
6.73763	656.320	0.0107460
6.74172	656.320	0.0110855
6.74582	656.320	8.95691e-3
6.74991	656.320	8.86917e-3
6.75401	656.320	9.57870e-3
6.75811	656.320	0.0100136
6.76220	656.320	7.61414e-3
6.76630	656.320	7.24411e-3
6.77039	656.320	8.52966e-3
6.77449	656.320	0.0106316
6.77859	656.320	9.51004e-3
6.78268	656.320	9.09424e-3
6.78678	656.320	9.32312e-3
6.79087	656.320	9.86862e-3
6.79497	656.320	0.0110855
6.79907	656.320	0.0106583
6.80316	656.320	9.74655e-3
6.80726	656.320	8.36563e-3
6.81135	656.320	9.15146e-3
6.81545	656.320	0.0100861
6.81955	656.320	7.99561e-3
6.82364	656.320	6.94275e-3
6.82774	656.320	0.0104485
6.83183	656.320	8.54111e-3
6.83593	656.320	0.0112000
6.84003	656.320	8.99506e-3
6.84412	656.320	0.0111198
6.84822	656.320	8.56400e-3
6.85231	656.320	0.0116539
6.85641	656.320	8.69370e-3
6.86051	656.320	9.29260e-3
6.86460	656.320	6.80542e-3
6.86870	656.320	0.0102539
6.87279	656.320	8.00705e-3
6.87689	656.320	0.0108643
6.88099	656.320	6.97327e-3
6.88508	656.320	8.77380e-3
6.89123	656.320	8.54111e-3
6.89942	656.320	0.0102654
6.90761	656.320	9.54819e-3
6.91580	656.320	9.46808e-3
6.92399	656.320	9.44519e-3
6.93219	656.320	8.75473e-3
6.94038	656.320	9.51004e-3
6.94857	656.320	7.81250e-3
6.95676	656.320	9.94110e-3
6.96495	656.320	7.86591e-3
6.97315	656.320	8.93021e-3
6.98134	656.320	7.47681e-3
6.98953	656.320	7.63321e-3
6.99772	656.320	0.0106239
7.00591	656.320	7.75146e-3
7.01411	656.320	8.86536e-3
7.02230	656.320	7.03049e-3
7.03049	656.320	7.90787e-3
7.03868	656.320	8.36182e-3
7.04687	656.320	8.96454e-3
7.05507	656.320	8.72040e-3
7.06326	656.320	8.14056e-3
7.07145	656.320	8.82721e-3
7.07964	656.301	6.62994e-3
7.08783	656.301	7.55692e-3
7.09603	656.301	7.41577e-3
7.10422	656.301	8.44193e-3
7.11241	656.301	9.37653e-3
7.12060	656.301	6.93512e-3
7.12879	656.301	8.54492e-3
7.13699	656.301	7.52258e-3
7.14518	656.301	8.64029e-3
7.15337	656.301	8.11005e-3
7.16156	656.301	8.45337e-3
7.16975	656.301	8.25882e-3
7.17795	656.301	7.79724e-3
7.18614	656.301	7.07245e-3
7.19433	656.301	6.64520e-3
7.20252	656.301	6.60706e-3
7.21071	656.301	6.59943e-3
7.22300	656.301	6.70242e-3
7.23939	656.301	8.63647e-3
7.25577	656.301	7.62939e-3
7.27215	656.301	9.19724e-3
7.28854	656.301	8.59451e-3
7.30492	656.301	8.14819e-3
7.32131	656.301	8.04520e-3
7.33769	656.301	8.46100e-3
7.35407	656.301	8.80051e-3
7.37046	656.301	8.33893e-3
7.38684	656.301	0.0100021
7.40323	656.301	8.44193e-3
7.41961	656.301	8.56018e-3
7.43599	656.301	7.64465e-3
7.45238	656.301	7.72476e-3
7.46876	656.301	6.83594e-3
7.48515	656.301	7.62558e-3
7.50153	656.301	9.17816e-3
7.51791	656.301	8.48770e-3
7.53430	656.301	6.96564e-3
7.55068	656.301	7.93457e-3
7.56707	656.301	8.25119e-3
7.58345	656.301	5.39780e-3
7.59983	656.301	6.26373e-3
7.61622	656.301	6.70242e-3
7.63260	656.301	6.88171e-3
7.64899	656.301	7.25937e-3
7.66537	656.301	8.02612e-3
7.68175	656.281	8.17108e-3
7.69814	656.281	5.25665e-3
7.71452	656.281	6.55746e-3
7.73091	656.281	6.67953e-3
7.74729	656.281	6.85120e-3
7.76367	656.281	7.45392e-3
7.78006	656.281	7.69043e-3
7.79644	656.281	7.45773e-3
7.81283	656.281	6.09970e-3
7.82921	656.281	7.08008e-3
7.84559	656.281	7.98416e-3
7.86198	656.281	6.34766e-3
7.88655	656.281	7.22885e-3
7.91932	656.281	7.23267e-3
7.95209	656.281	7.27081e-3
7.98486	656.281	5.35202e-3
8.01762	656.281	5.90897e-3
8.05039	656.281	6.03104e-3
8.08316	656.281	6.25229e-3
8.11593	656.281	6.74057e-3
8.14870	656.281	5.64194e-3
8.18147	656.281	7.39670e-3
8.21423	656.281	7.22122e-3
8.24700	656.281	6.22940e-3
8.27977	656.281	6.69861e-3
8.31254	656.281	5.43594e-3
8.34531	656.281	5.97382e-3
8.37807	656.281	7.21741e-3
8.41084	656.281	7.06100e-3
8.44361	656.281	8.01849e-3
8.47638	656.281	6.74438e-3
8.50915	656.281	6.49643e-3
8.54191	656.281	5.50842e-3
8.57468	656.281	5.98526e-3
8.60745	656.281	7.54166e-3
8.64022	656.281	4.52042e-3
8.67299	656.281	7.25937e-3
8.70575	656.281	5.25284e-3
8.73852	656.281	5.00488e-3
8.77129	656.281	7.40051e-3
8.80406	656.281	5.07736e-3
8.83683	656.281	6.62994e-3
8.86959	656.281	6.10733e-3
8.90236	656.281	6.76727e-3
8.93513	656.281	6.19507e-3
8.96790	656.281	5.59616e-3
9.00067	656.281	6.38199e-3
9.03343	656.281	6.03485e-3
9.06620	656.281	6.27136e-3
9.09897	656.281	5.94330e-3
9.13174	656.281	4.83704e-3
9.16451	656.281	5.71060e-3
9.21366	656.281	7.12204e-3
9.27919	656.285	6.27136e-3
9.34473	656.285	4.56619e-3
9.41026	656.285	5.84793e-3
9.47580	656.285	5.42068e-3
9.54134	656.285	6.40488e-3
9.60687	656.285	3.39890e-3
9.67241	656.285	5.23758e-3
9.73795	656.285	3.28827e-3
9.80348	656.285	6.94275e-3
9.86902	656.285	6.98853e-3
9.93455	656.285	6.66046e-3
10.0001	656.285	4.73785e-3
10.0656	656.285	5.11169e-3
10.1312	656.285	0.0104523
10.1967	656.285	8.44574e-3
10.2622	656.285	4.69208e-3
10.3278	656.266	4.52805e-3
10.3933	656.266	4.67300e-3
10.4588	656.266	6.25992e-3
10.5244	656.285	6.75583e-3
10.5899	656.285	5.51987e-3
10.6554	656.285	3.84140e-3
10.7210	656.262	5.11932e-3
10.7865	656.262	3.52478e-3
10.8521	656.262	6.09207e-3
10.9176	656.285	5.18417e-3
10.9831	656.285	7.17545e-3
11.0487	656.285	4.81796e-3
11.1142	656.281	6.69479e-3
11.1797	656.281	4.16183e-3
11.2453	656.281	3.89099e-3
11.3108	656.266	4.57382e-3
11.3763	656.266	4.88663e-3
11.4419	656.266	6.26373e-3
11.5074	656.285	4.04358e-3
11.5730	656.285	4.90952e-3
11.6385	656.285	5.14603e-3
11.7040	656.281	4.94385e-3
11.7696	656.281	3.58582e-3
11.8679	656.262	5.50461e-3
11.9989	656.262	4.68063e-3
12.1300	656.281	3.82614e-3
12.2611	656.262	6.16455e-3
12.3922	656.262	6.29425e-3
12.5232	656.281	4.26865e-3
12.6543	656.281	5.10025e-3
12.7854	656.281	5.31387e-3
12.9164	656.281	5.08499e-3
13.0475	656.281	5.75256e-3
13.1786	656.262	4.98199e-3
13.3097	656.262	3.68118e-3
13.4407	656.262	6.68335e-3
13.5718	656.262	6.28281e-3
13.7029	656.281	4.79126e-3
13.8339	656.281	6.38199e-3
13.9650	656.258	5.29480e-3
14.0961	656.242	5.81360e-3
14.2272	656.242	4.95911e-3
14.3582	656.262	4.52805e-3
14.4893	656.262	5.41687e-3
14.6204	656.262	4.47845e-3
14.7514	656.258	4.73785e-3
14.8825	656.258	5.78690e-3
15.0136	656.258	4.48227e-3
15.1447	656.277	5.25284e-3
15.2757	656.258	5.96237e-3
15.4068	656.258	3.95203e-3
15.5379	656.262	4.93240e-3
15.6690	656.262	3.83377e-3
15.8000	656.281	2.28119e-3
15.9311	656.281	4.84848e-3
16.0622	656.281	5.44357e-3
16.1932	656.258	4.18472e-3
16.3243	656.258	4.05121e-3
16.4554	656.258	2.89917e-3
16.5865	656.258	5.73349e-3
16.7175	656.258	3.45612e-3
16.8486	656.258	2.97546e-3
16.9797	656.258	4.54330e-3
17.1763	656.262	2.23541e-3
17.4384	656.262	3.85284e-3
17.7006	656.258	3.57056e-3
17.9627	656.258	4.70734e-3
18.2249	656.262	2.86865e-3
18.4870	656.262	4.54330e-3
18.7491	656.262	2.50244e-3
19.0113	656.242	4.71115e-3
19.2734	656.262	2.54822e-3
19.5356	656.262	3.49808e-3
19.7977	656.262	3.74222e-3
20.0599	656.262	3.41415e-3
20.3220	656.262	1.34659e-3
20.5842	656.262	3.78418e-3
20.8463	656.258	3.26157e-3
21.1084	656.258	4.47845e-3
21.3706	656.262	3.52478e-3
21.6327	656.262	6.05392e-3
21.8949	656.262	5.82123e-3
22.1570	656.262	4.70352e-3
22.4192	656.262	5.20325e-3
22.6813	656.262	4.39453e-3
22.9435	656.242	3.05939e-3
23.2056	656.262	5.01251e-3
23.4677	656.281	5.68390e-3
23.7299	656.262	4.93240e-3
23.9920	656.258	3.26920e-3
24.2542	656.262	5.85556e-3
24.5163	656.262	2.32697e-3
24.7785	656.262	2.39944e-3
25.0406	656.262	3.10898e-3
25.3027	656.262	4.47464e-3
25.5649	656.262	3.69644e-3
25.8270	656.262	4.40598e-3
26.0892	656.262	3.80707e-3
26.3513	656.262	5.92422e-3
26.6135	656.262	5.02014e-3
26.8756	656.262	3.91006e-3
27.1378	656.262	4.82178e-3
27.3999	656.281	3.08990e-3
27.7931	656.262	2.51389e-3
28.3174	656.262	3.38745e-3
28.8417	656.262	3.39508e-3
29.3660	656.246	3.10898e-3
29.8903	656.266	5.10406e-3
30.4146	656.246	2.99454e-3
30.9388	656.262	3.48663e-3
31.4631	656.262	4.37546e-3
31.9874	656.285	4.38309e-3
32.5117	656.262	2.06757e-3
33.0360	656.242	5.58090e-3
33.5603	656.262	2.13623e-3
34.0846	656.262	3.84903e-3
34.6089	656.242	2.82288e-3
35.1331	656.262	3.61252e-3
35.6574	656.242	5.02777e-3
36.1817	656.242	1.79672e-3
36.7060	656.262	4.50897e-3
37.2303	656.242	4.31442e-3
37.7546	656.262	4.60815e-3
38.2789	656.242	3.65448e-3
38.8032	656.242	5.59616e-3
39.3274	656.242	4.15802e-3
39.8517	656.262	5.42068e-3
40.3760	656.262	4.05121e-3
40.9003	656.242	3.64304e-3
41.4246	656.242	3.74222e-3
41.9489	656.266	3.30353e-3
42.4732	656.266	5.53894e-3
42.9975	656.246	3.34549e-3
43.5218	656.246	4.76456e-3
44.0460	656.246	4.02069e-3
44.5703	656.242	4.44031e-3
45.0946	656.266	2.09427e-3
45.6189	656.246	4.06647e-3
46.1432	656.266	3.20053e-3
46.6675	656.242	3.36075e-3
47.1918	656.242	3.98254e-3
47.7161	656.246	3.13187e-3
48.2403	656.242	5.06210e-3
49.0268	656.266	2.73895e-3
50.0754	656.266	3.12805e-3
51.1239	656.266	2.70462e-3
52.1725	656.266	2.38037e-3
53.2211	656.266	2.33841e-3
54.2697	656.246	2.36893e-3
55.3182	656.246	3.08990e-3
56.3668	656.246	3.64685e-3
57.4154	656.246	4.11224e-3
58.4640	656.246	3.00980e-3
59.5125	656.246	4.84085e-3
60.5611	656.246	5.31769e-3
61.6097	656.246	2.25830e-3
62.6583	656.250	3.29590e-3
63.7068	656.250	1.78146e-3
64.7554	656.270	3.47137e-3
65.8040	656.250	2.82669e-3
66.8526	656.250	3.01743e-3
67.9012	656.246	3.78418e-3
68.9497	656.246	3.43323e-3
69.9983	656.246	4.60815e-3
71.0469	656.266	3.13187e-3
72.0955	656.250	2.18201e-3
73.1440	656.270	1.17493e-3
74.1926	656.270	1.81580e-3
75.2412	656.250	1.33896e-3
76.2898	656.254	1.90735e-3
77.3383	656.254	3.81851e-3
78.3869	656.254	3.02505e-3
79.4355	656.273	3.88336e-3
80.4841	656.254	4.29535e-3
81.5326	656.254	3.08228e-3
82.5812	656.254	2.62451e-3
83.6298	656.254	2.54440e-3
84.6784	656.250	3.46375e-3
85.7269	656.254	2.57874e-3
86.7755	656.254	2.97165e-3
87.8241	656.250	2.81143e-3
88.8727	656.254	1.75858e-3
89.9212	656.258	1.98364e-3
91.4941	656.273	2.39182e-3
93.5913	656.254	1.77002e-3
95.6884	656.270	2.32697e-3
97.7856	656.254	1.06049e-3
99.8827	656.254	3.47900e-3
101.980	656.254	3.41034e-3
104.077	656.277	2.99454e-3
106.174	656.258	2.22778e-3
108.271	656.254	3.43323e-4
110.368	656.254	2.75421e-3
112.466	656.254	2.57874e-3
114.563	656.258	4.33731e-3
116.660	656.258	2.98691e-3
118.757	656.281	1.06812e-3
120.854	656.262	2.97928e-3
122.951	656.262	4.18472e-3
125.049	656.258	3.22723e-3
127.146	656.277	2.63977e-3
129.243	656.262	-1.48773e-4
131.340	656.262	1.26266e-3
133.437	656.262	1.67084e-3
135.534	656.258	2.64359e-3
137.631	656.262	2.16293e-3
139.729	656.258	1.58691e-3
141.826	656.258	2.05231e-3
143.923	656.266	3.23486e-3
146.020	656.266	3.97873e-3
148.117	656.266	2.87247e-3
150.214	656.262	1.93024e-3
152.312	656.262	5.72205e-4
154.409	656.270	1.15967e-3
156.506	656.266	1.74713e-3
158.603	656.266	3.70026e-3
160.700	656.266	2.38037e-3
162.797	656.266	1.53351e-3
164.894	656.266	4.28772e-3
166.992	656.266	1.78909e-3
169.089	656.266	3.12805e-3
171.186	656.270	3.15857e-3
173.283	656.266	9.49860e-4
176.429	656.270	5.91278e-4
180.623	656.270	4.82559e-3
184.817	656.270	2.39182e-3
189.012	656.270	1.99509e-3
193.206	656.270	2.64740e-3
197.400	656.270	9.65118e-4
201.595	656.273	2.57492e-3
205.789	656.273	2.06757e-3
209.983	656.273	1.44958e-4
214.177	656.273	1.60980e-3
218.372	656.273	1.62125e-3
222.566	656.277	1.96075e-3
226.760	656.273	3.25394e-3
230.955	656.277	7.55310e-4
235.149	656.277	1.91879e-3
239.343	656.277	2.51770e-4
243.538	656.277	8.27789e-4
247.732	656.281	2.90298e-3
251.926	656.285	1.54114e-3
256.121	656.281	3.81470e-6
260.315	656.281	1.43433e-3
264.509	656.285	8.43048e-4
268.703	656.285	1.04904e-3
272.898	656.285	1.53351e-3
277.092	656.285	-1.52588e-5
281.286	656.281	2.49863e-3
285.481	656.285	1.86920e-4
289.675	656.289	2.59781e-3
293.869	656.281	2.42233e-3
298.064	656.285	1.19019e-3
302.258	656.289	-6.86646e-5