Time	Gap	Axial force
s	µm	N
0.00000	354.152	3.43323e-5
5.44000e-4	354.152	2.82288e-4
1.56800e-3	354.152	1.91498e-3
2.59200e-3	354.152	3.74222e-3
3.61600e-3	354.152	4.27246e-3
4.64000e-3	354.152	3.60107e-3
5.66400e-3	354.152	2.48337e-3
6.68800e-3	354.152	2.55203e-3
7.71200e-3	354.152	3.05176e-3
8.73600e-3	354.152	3.76511e-3
9.76000e-3	354.152	4.42886e-3
0.0107840	354.152	4.26102e-3
0.0118080	354.152	3.21960e-3
0.0128320	354.152	2.17056e-3
0.0138560	354.152	2.06757e-3
0.0148800	354.152	2.83051e-3
0.0159040	354.152	3.82996e-3
0.0169280	354.152	4.54712e-3
0.0179520	354.152	4.83322e-3
0.0189760	354.152	5.51987e-3
0.0200000	354.152	7.46155e-3
0.0210240	354.152	0.0100555
0.0220480	354.152	0.0105782
0.0230720	354.152	8.00705e-3
0.0240960	354.152	4.48227e-3
0.0251200	354.070	3.39508e-3
0.0261440	354.070	5.41687e-3
0.0271680	354.070	0.0102005
0.0281920	354.070	0.0113907
0.0292160	354.070	0.0101242
0.0302400	354.070	8.00705e-3
0.0312640	354.070	6.59561e-3
0.0322880	354.070	7.32422e-3
0.0333120	354.070	9.73129e-3
0.0343360	354.070	0.0132027
0.0353600	354.070	0.0161552
0.0363840	354.070	0.0173492
0.0374080	354.070	0.0153847
0.0384320	354.070	0.0113602
0.0394560	354.070	7.57599e-3
0.0404800	354.070	7.47299e-3
0.0420160	354.070	0.0160751
0.0440640	354.070	0.0178261
0.0461120	354.070	0.0118980
0.0481600	353.910	0.0137558
0.0502080	353.910	0.0175819
0.0522560	353.910	0.0138435
0.0543040	353.910	0.0127640
0.0563520	353.910	0.0153465
0.0584000	353.910	0.0179291
0.0604480	353.910	0.0219650
0.0624960	353.910	0.0164413
0.0645440	353.910	0.0135155
0.0665920	353.910	0.0213203
0.0686400	353.910	0.0215797
0.0706880	353.910	0.0168991
0.0727360	353.910	0.0200996
0.0747840	353.652	0.0235138
0.0768320	353.652	0.0198135
0.0788800	353.652	0.0190887
0.0809280	353.652	0.0227814
0.0829760	353.652	0.0264854
0.0850240	353.652	0.0285187
0.0870720	353.652	0.0211716
0.0891200	353.430	0.0214233
0.0911680	353.430	0.0292473
0.0932160	353.430	0.0267525
0.0952640	353.430	0.0245056
0.0973120	353.430	0.0284996
0.0993600	353.430	0.0347176
0.101408	353.430	0.0326500
0.103456	353.430	0.0257874
0.105504	353.430	0.0310974
0.107552	353.430	0.0358467
0.109600	353.430	0.0317574
0.111648	353.230	0.0306206
0.113696	353.230	0.0353088
0.115744	353.230	0.0326042
0.117792	353.230	0.0303841
0.119840	353.230	0.0335922
0.121888	353.230	0.0353584
0.124960	352.988	0.0399208
0.129056	352.988	0.0328789
0.133152	352.988	0.0398102
0.137248	352.988	0.0392990
0.141344	352.988	0.0446167
0.145440	352.988	0.0394783
0.149536	352.770	0.0443611
0.153632	352.508	0.0440025
0.157728	352.508	0.0424881
0.161824	352.508	0.0448151
0.165920	352.508	0.0457306
0.170016	352.508	0.0451508
0.174112	352.508	0.0489845
0.178208	352.508	0.0450249
0.182304	352.508	0.0507774
0.186400	352.289	0.0545273
0.190496	352.289	0.0508881
0.194592	352.289	0.0519142
0.198688	352.289	0.0550842
0.202784	352.289	0.0511284
0.206880	352.289	0.0570183
0.210976	352.070	0.0562134
0.215072	352.070	0.0541992
0.219168	352.070	0.0595093
0.223264	351.988	0.0562248
0.227360	351.988	0.0605965
0.231456	351.988	0.0632019
0.235552	351.988	0.0571632
0.239648	351.988	0.0614510
0.243744	351.988	0.0656013
0.247840	351.648	0.0609741
0.251936	351.648	0.0647354
0.256032	351.648	0.0626793
0.260128	351.648	0.0642281
0.264224	351.648	0.0664253
0.268320	351.648	0.0638161
0.272416	351.531	0.0679588
0.276512	351.531	0.0633965
0.280608	351.289	0.0667839
0.284704	351.289	0.0710030
0.290848	351.289	0.0714912
0.299040	351.289	0.0696487
0.307232	351.070	0.0706978
0.315424	351.070	0.0751152
0.323616	351.070	0.0734062
0.331808	351.070	0.0717697
0.340000	350.848	0.0719643
0.348192	350.750	0.0799255
0.356384	350.750	0.0786591
0.364576	350.750	0.0744667
0.372768	350.410	0.0768013
0.380960	350.328	0.0768700
0.389152	350.328	0.0829277
0.397344	350.109	0.0786057
0.405536	350.109	0.0798531
0.413728	349.848	0.0820808
0.421920	349.848	0.0854530
0.430112	349.848	0.0869598
0.438304	349.848	0.0848160
0.446496	349.648	0.0842094
0.454688	349.648	0.0881310
0.462880	349.410	0.0874405
0.471072	349.410	0.0907631
0.479264	349.348	0.0876923
0.487456	349.348	0.0887985
0.495648	349.070	0.0928764
0.503840	349.070	0.0928497
0.512032	349.066	0.0884972
0.520224	348.906	0.0876274
0.528416	348.906	0.0890770
0.536608	348.906	0.0895996
0.544800	348.687	0.0996094
0.552992	348.406	0.0976181
0.561184	348.406	0.0933151
0.569376	348.406	0.0932579
0.577568	348.148	0.0987854
0.585760	348.148	0.0954437
0.593952	348.125	0.0998039
0.602144	348.125	0.0968933
0.610336	348.125	0.0973701
0.622624	347.906	0.100353
0.639008	347.688	0.0981522
0.655392	347.465	0.102032
0.671776	347.246	0.105732
0.688160	346.988	0.102795
0.704544	346.988	0.107506
0.720928	346.891	0.107239
0.737312	346.688	0.104359
0.753696	346.488	0.111546
0.770080	346.488	0.114540
0.786464	346.188	0.113853
0.802848	346.129	0.113575
0.819232	345.930	0.109444
0.835616	345.609	0.124916
0.852000	345.367	0.116604
0.868384	345.250	0.116417
0.884768	345.250	0.121937
0.901152	345.070	0.124714
0.917536	345.070	0.121342
0.933920	344.605	0.122765
0.950304	344.406	0.128979
0.966688	344.406	0.127106
0.983072	344.246	0.130760
0.999456	344.047	0.136513
1.01584	343.727	0.131012
1.03222	343.645	0.131454
1.04861	343.484	0.129299
1.06499	343.484	0.139000
1.08138	343.145	0.133911
1.09776	343.125	0.135769
1.11414	342.926	0.140739
1.13053	342.605	0.141228
1.14691	342.605	0.139706
1.16330	342.527	0.140739
1.17968	342.246	0.143074
1.19606	342.047	0.141621
1.21245	341.746	0.146374
1.22883	341.746	0.144032
1.24522	341.687	0.148636
1.26160	341.387	0.153358
1.28618	341.027	0.152809
1.31894	340.848	0.156055
1.35171	340.488	0.153133
1.38448	340.105	0.159790
1.41725	339.828	0.157604
1.45002	339.488	0.161694
1.48278	339.148	0.162975
1.51555	338.828	0.166359
1.54832	338.484	0.164600
1.58109	338.125	0.168648
1.61386	337.848	0.169464
1.64662	337.484	0.177006
1.67939	337.246	0.173023
1.71216	336.867	0.180271
1.74493	336.527	0.185009
1.77770	336.328	0.179146
1.81046	335.789	0.180466
1.84323	335.469	0.185093
1.87600	335.289	0.185928
1.90877	334.930	0.184704
1.94154	334.648	0.191746
1.97430	334.367	0.194035
2.00707	333.867	0.191971
2.03984	333.367	0.195999
2.07261	333.285	0.198471
2.10538	332.824	0.199657
2.13814	332.785	0.205742
2.17091	332.266	0.200874
2.20368	331.848	0.202740
2.23645	331.566	0.202572
2.26922	331.328	0.210037
2.30198	330.848	0.213123
2.33475	330.648	0.209465
2.36752	330.328	0.216232
2.40029	329.867	0.216114
2.43306	329.609	0.215153
2.46582	329.348	0.217651
2.49859	329.129	0.219475
2.53136	328.648	0.225727
2.56413	328.328	0.226925
2.61328	327.609	0.233028
2.67882	327.066	0.232574
2.74435	326.406	0.236359
2.80989	325.527	0.240086
2.87542	325.008	0.240356
2.94096	324.488	0.243706
3.00650	323.648	0.253326
3.07203	322.930	0.250275
3.13757	322.352	0.255260
3.20310	321.789	0.259743
3.26864	320.930	0.262959
3.33418	320.469	0.268009
3.39971	319.871	0.270130
3.46525	318.930	0.274002
3.53078	318.371	0.269482
3.59632	317.789	0.273872
3.66186	317.230	0.277588
3.72739	316.348	0.279160
3.79293	315.848	0.283455
3.85846	315.191	0.284554
3.92400	314.430	0.286636
3.98954	313.770	0.289955
4.05507	313.152	0.294022
4.12061	312.691	0.297276
4.18614	311.852	0.299015
4.25168	311.133	0.301838
4.31722	310.570	0.303410
4.38275	309.973	0.301777
4.44829	309.293	0.304596
4.51382	308.730	0.307709
4.57936	307.992	0.310040
4.64490	307.430	0.313808
4.71043	306.691	0.311829
4.77597	306.133	0.318146
4.84150	305.254	0.325417
4.90704	304.734	0.320946
4.97258	304.055	0.323944
5.03811	303.535	0.327694
5.10365	302.852	0.332886
5.16918	302.070	0.334709
5.26749	300.875	0.343487
5.39856	299.414	0.345261
5.52963	298.191	0.353172
5.66070	296.852	0.361809
5.79178	295.434	0.363827
5.92285	294.152	0.366650
6.05392	292.855	0.374352
6.18499	291.652	0.381645
6.31606	290.297	0.375366
6.44714	289.137	0.384933
6.57821	287.656	0.392525
6.70928	286.477	0.402225
6.84035	285.074	0.413578
6.97142	283.734	0.423183
7.10250	282.477	0.425350
7.23357	281.012	0.436295
7.36464	279.875	0.440521
7.49571	278.473	0.457218
7.62678	277.195	0.459881
7.75786	275.852	0.468632
7.88893	274.574	0.479553
8.02000	273.195	0.479897
8.15107	271.734	0.497158
8.28214	270.633	0.504169
8.41322	269.074	0.513241
8.54429	267.914	0.517891
8.67536	266.535	0.526825
8.80643	265.254	0.540760
8.93750	264.055	0.547523
9.06858	262.793	0.557987
9.19965	261.414	0.566250
9.33072	260.254	0.573292
9.46179	258.852	0.585461
9.59286	257.434	0.591553
9.72394	256.254	0.606728
9.85501	255.012	0.610336
9.98608	253.730	0.618187
10.1172	252.270	0.634533
10.2482	251.074	0.647305
10.3793	249.613	0.652802
10.5759	247.113	0.679073
10.8380	244.430	0.704987
11.1002	241.871	0.724808
11.3623	239.332	0.741707
11.6245	236.754	0.765266
12.2827	233.852	0.453629
12.2832	233.852	0.453217
12.2843	233.852	0.452709
12.2853	233.852	0.452255
12.2863	233.852	0.451580
12.2873	233.852	0.451038
12.2884	233.852	0.450695
12.2894	233.852	0.450638
12.2904	233.852	0.450672
12.2914	233.852	0.450481
12.2925	233.832	0.450211
12.2935	233.832	0.450081
12.2945	233.832	0.450211
12.2955	233.832	0.450336
12.2966	233.832	0.450047
12.2976	233.832	0.448952
12.2986	233.832	0.448700
12.2996	233.832	0.448696
12.3007	233.832	0.448669
12.3017	233.832	0.448414
12.3027	233.832	0.447872
12.3037	233.832	0.447227
12.3048	233.832	0.446629
12.3058	233.832	0.446259
12.3068	233.832	0.446381
12.3078	233.832	0.446724
12.3088	233.832	0.446720
12.3099	233.832	0.446217
12.3109	233.832	0.445618
12.3119	233.832	0.445457
12.3129	233.832	0.445911
12.3140	233.832	0.446659
12.3150	233.832	0.447109
12.3160	233.832	0.447144
12.3170	233.832	0.447033
12.3181	233.832	0.446907
12.3191	233.832	0.446701
12.3201	233.832	0.446701
12.3211	233.832	0.446663
12.3222	233.832	0.446243
12.3232	233.832	0.445492
12.3247	233.832	0.444820
12.3268	233.832	0.443825
12.3288	233.832	0.441799
12.3309	233.832	0.441822
12.3329	233.832	0.441780
12.3350	233.832	0.441116
12.3370	233.832	0.440475
12.3391	233.832	0.440334
12.3411	233.832	0.440422
12.3432	233.832	0.439560
12.3452	233.832	0.439053
12.3472	233.832	0.438236
12.3493	233.832	0.438709
12.3513	233.832	0.438622
12.3534	233.832	0.437386
12.3554	233.832	0.436852
12.3575	233.832	0.437283
12.3595	233.832	0.436604
12.3616	233.832	0.435097
12.3636	233.832	0.434055
12.3657	233.832	0.434296
12.3677	233.832	0.433582
12.3698	233.832	0.433155
12.3718	233.832	0.432625
12.3739	233.832	0.432579
12.3759	233.832	0.432560
12.3780	233.832	0.431885
12.3800	233.832	0.431789
12.3821	233.832	0.432346
12.3841	233.832	0.432568
12.3862	233.832	0.432278
12.3882	233.832	0.432274
12.3903	233.832	0.432129
12.3923	233.832	0.431427
12.3944	233.832	0.429913
12.3964	233.832	0.429222
12.3984	233.832	0.428078
12.4005	233.832	0.427258
12.4025	233.832	0.426460
12.4046	233.832	0.424980
12.4077	233.832	0.423527
12.4118	233.832	0.421711
12.4159	233.832	0.420601
12.4200	233.832	0.419952
12.4240	233.832	0.419998
12.4281	233.832	0.419140
12.4322	233.832	0.419891
12.4363	233.832	0.417923
12.4404	233.832	0.417892
12.4445	233.832	0.416359
12.4486	233.832	0.416588
12.4527	233.832	0.415848
12.4568	233.832	0.415993
12.4609	233.832	0.415127
12.4650	233.832	0.414593
12.4691	233.832	0.413834
12.4732	233.832	0.412815
12.4773	233.832	0.411686
12.4814	233.832	0.411037
12.4855	233.832	0.409424
12.4896	233.832	0.407993
12.4937	233.832	0.406677
12.4978	233.832	0.407440
12.5019	233.793	0.407181
12.5060	233.793	0.407780
12.5101	233.793	0.406342
12.5142	233.793	0.404949
12.5183	233.793	0.403446
12.5224	233.793	0.402256
12.5264	233.793	0.399715
12.5305	233.793	0.398170
12.5346	233.793	0.397324
12.5387	233.793	0.396465
12.5428	233.793	0.396423
12.5469	233.793	0.394302
12.5510	233.793	0.393524
12.5551	233.793	0.392532
12.5592	233.793	0.392879
12.5633	233.793	0.394028
12.5674	233.793	0.394207
12.5736	233.793	0.394436
12.5817	233.793	0.394196
12.5899	233.793	0.392338
12.5981	233.793	0.389183
12.6063	233.793	0.386719
12.6145	233.793	0.384922
12.6227	233.793	0.383785
12.6309	233.793	0.382484
12.6391	233.793	0.381016
12.6473	233.793	0.378811
12.6555	233.793	0.377472
12.6637	233.793	0.375805
12.6719	233.793	0.374336
12.6800	233.793	0.374271
12.6882	233.793	0.374268
12.6964	233.793	0.373070
12.7046	233.793	0.372391
12.7128	233.793	0.370655
12.7210	233.793	0.368862
12.7292	233.793	0.365524
12.7374	233.793	0.363632
12.7456	233.793	0.362541
12.7538	233.793	0.363499
12.7620	233.793	0.361858
12.7702	233.793	0.360603
12.7784	233.793	0.357933
12.7865	233.793	0.356239
12.7947	233.793	0.356045
12.8029	233.793	0.355526
12.8111	233.793	0.355751
12.8193	233.793	0.353714
12.8275	233.793	0.352383
12.8357	233.793	0.351894
12.8439	233.793	0.349667
12.8521	233.793	0.347885
12.8603	233.793	0.345249
12.8685	233.793	0.344070
12.8767	233.793	0.344460
12.8848	233.793	0.342625
12.8930	233.793	0.341465
12.9053	233.793	0.340073
12.9217	233.793	0.334984
12.9381	233.793	0.336388
12.9545	233.793	0.335461
12.9709	233.793	0.332134
12.9872	233.793	0.329845
13.0036	233.793	0.326885
13.0200	233.793	0.326065
13.0364	233.793	0.324177
13.0528	233.793	0.322186
13.0692	233.793	0.320293
13.0856	233.793	0.315742
13.1019	233.793	0.315235
13.1183	233.793	0.312664
13.1347	233.793	0.311440
13.1511	233.793	0.310459
13.1675	233.793	0.308765
13.1839	233.793	0.307159
13.2002	233.793	0.305172
13.2166	233.793	0.302429
13.2330	233.793	0.301075
13.2494	233.793	0.297581
13.2658	233.793	0.296261
13.2822	233.793	0.297344
13.2985	233.793	0.294205
13.3149	233.793	0.293564
13.3313	233.793	0.292339
13.3477	233.793	0.290726
13.3641	233.793	0.287235
13.3805	233.793	0.287010
13.3968	233.793	0.285564
13.4132	233.793	0.283360
13.4296	233.793	0.281536
13.4460	233.793	0.279922
13.4624	233.793	0.277748
13.4788	233.793	0.277142
13.4952	233.793	0.276203
13.5115	233.793	0.275455
13.5279	233.793	0.271149
13.5443	233.793	0.270386
13.5689	233.793	0.269848
13.6016	233.793	0.264664
13.6344	233.793	0.262714
13.6672	233.793	0.260841
13.7000	233.793	0.258602
13.7327	233.793	0.256111
13.7655	233.793	0.251938
13.7983	233.793	0.250099
13.8310	233.793	0.248653
13.8638	233.793	0.246967
13.8966	233.789	0.240967
13.9293	233.789	0.242355
13.9621	233.789	0.236977
13.9949	233.789	0.235458
14.0276	233.789	0.231743
14.0604	233.789	0.233414
14.0932	233.789	0.230984
14.1259	233.789	0.228680
14.1587	233.789	0.225304
14.1915	233.789	0.224087
14.2242	233.789	0.221626
14.2570	233.789	0.220699
14.2898	233.789	0.218750
14.3225	233.789	0.215023
14.3553	233.789	0.214554
14.3881	233.789	0.210804
14.4208	233.789	0.211563
14.4536	233.789	0.207462
14.4864	233.789	0.207096
14.5192	233.789	0.205730
14.5519	233.789	0.204121
14.5847	233.789	0.202648
14.6175	233.789	0.202152
14.6502	233.789	0.201939
14.6830	233.789	0.198944
14.7158	233.789	0.197563
14.7485	233.789	0.195152
14.7813	233.789	0.194725
14.8141	233.789	0.193054
14.8468	233.789	0.192566
14.8960	233.785	0.189335
14.9615	233.785	0.185806
15.0271	233.785	0.184361
15.0926	233.785	0.180958
15.1581	233.785	0.178799
15.2237	233.785	0.176716
15.2892	233.785	0.175713
15.3547	233.785	0.171913
15.4203	233.785	0.170319
15.4858	233.785	0.166569
15.5513	233.785	0.165676
15.6169	233.785	0.162693
15.6824	233.785	0.161922
15.7480	233.785	0.159519
15.8135	233.785	0.157944
15.8790	233.785	0.156128
15.9446	233.766	0.151726
16.0101	233.766	0.153004
16.0756	233.766	0.149109
16.1412	233.785	0.150043
16.2067	233.785	0.145943
16.2722	233.785	0.145916
16.3378	233.766	0.140553
16.4033	233.766	0.141277
16.4688	233.766	0.138794
16.5344	233.766	0.138103
16.5999	233.766	0.133152
16.6655	233.766	0.136452
16.7310	233.766	0.131920
16.7965	233.766	0.132206
16.8621	233.766	0.128101
16.9276	233.762	0.130730
16.9931	233.762	0.124744
17.0587	233.762	0.128113
17.1242	233.766	0.124340
17.1897	233.766	0.126110
17.2553	233.766	0.123863
17.3208	233.766	0.121052
17.3864	233.766	0.121273
17.4519	233.766	0.118526
17.5502	233.766	0.118359
17.6813	233.766	0.114120
17.8123	233.766	0.113869
17.9434	233.766	0.111347
18.0745	233.766	0.109531
18.2056	233.766	0.107674
18.3366	233.766	0.105049
18.4677	233.766	0.102982
18.5988	233.766	0.100460
18.7298	233.766	0.100117
18.8609	233.766	0.0984344
18.9920	233.766	0.0952950
19.1231	233.766	0.0937653
19.2541	233.766	0.0935707
19.3852	233.766	0.0918045
19.5163	233.766	0.0900307
19.6473	233.766	0.0902672
19.7784	233.766	0.0897827
19.9095	233.766	0.0872192
20.0406	233.766	0.0843430
20.1716	233.762	0.0834808
20.3027	233.766	0.0834808
20.4338	233.766	0.0819054
20.5648	233.762	0.0815086
20.6959	233.762	0.0806961
20.8270	233.762	0.0781212
20.9581	233.762	0.0763168
21.0891	233.762	0.0758362
21.2202	233.766	0.0752411
21.3513	233.766	0.0750160
21.4824	233.766	0.0743828
21.6134	233.762	0.0715561
21.7445	233.762	0.0722542
21.8756	233.762	0.0716476
22.0066	233.766	0.0711670
22.1377	233.766	0.0706329
22.2688	233.766	0.0695572
22.3999	233.762	0.0688782
22.5309	233.762	0.0620918
22.6620	233.762	0.0638695
22.8586	233.766	0.0635910
23.1208	233.762	0.0635605
23.3829	233.762	0.0620689
23.6450	233.766	0.0600929
23.9072	233.766	0.0606995
24.1693	233.762	0.0585556
24.4315	233.762	0.0574036
24.6936	233.762	0.0556755
24.9558	233.762	0.0548592
25.2179	233.762	0.0525436
25.4800	233.762	0.0537109
25.7422	233.762	0.0519142
26.0043	233.766	0.0486755
26.2665	233.766	0.0499153
26.5286	233.766	0.0480843
26.7908	233.762	0.0479164
27.0529	233.766	0.0468445
27.3151	233.766	0.0476799
27.5772	233.766	0.0470543
27.8393	233.762	0.0462303
28.1015	233.762	0.0440254
28.3636	233.762	0.0453339
28.6258	233.762	0.0419044
28.8879	233.766	0.0424843
29.1501	233.762	0.0408020
29.4122	233.766	0.0429001
29.6744	233.762	0.0417900
29.9365	233.766	0.0402107
30.1986	233.762	0.0400124
30.4608	233.766	0.0370293
30.7229	233.762	0.0389977
30.9851	233.766	0.0367203
31.2472	233.766	0.0379066
31.5094	233.762	0.0394325
31.7715	233.762	0.0340157
32.0336	233.762	0.0359344
32.2958	233.766	0.0371246
32.5579	233.766	0.0359497
32.8201	233.766	0.0339470
33.0822	233.762	0.0344582
33.4754	233.766	0.0349693
33.9997	233.766	0.0348053
34.5240	233.766	0.0332489
35.0483	233.766	0.0322113
35.5726	233.766	0.0326500
36.0969	233.766	0.0297813
36.6212	233.766	0.0305290
37.1455	233.766	0.0310059
37.6697	233.766	0.0286560
38.1940	233.766	0.0288010
38.7183	233.766	0.0292358
39.2426	233.762	0.0266342
39.7669	233.762	0.0273933
40.2912	233.766	0.0252686
40.8155	233.766	0.0246086
41.3398	233.766	0.0263176
41.8640	233.762	0.0269814
42.3883	233.766	0.0244598
42.9126	233.762	0.0258789
43.4369	233.766	0.0249634
43.9612	233.766	0.0262718
44.4855	233.766	0.0238914
45.0098	233.766	0.0237198
45.5341	233.766	0.0248756
46.0583	233.766	0.0246658
46.5826	233.766	0.0251999
47.1069	233.762	0.0254707
47.6312	233.762	0.0228958
48.1555	233.762	0.0245209
48.6798	233.762	0.0233002
49.2041	233.762	0.0240593
49.7284	233.762	0.0218086
50.2527	233.762	0.0232353
50.7769	233.762	0.0233383
51.3012	233.762	0.0231209
51.8255	233.762	0.0217400
52.3498	233.766	0.0218048
52.8741	233.762	0.0228424
53.3984	233.766	0.0195808
53.9227	233.766	0.0205040
54.7091	233.762	0.0224838
55.7577	233.762	0.0219460
56.8063	233.762	0.0205421
57.8548	233.762	0.0208702
58.9034	233.766	0.0199852
59.9520	233.766	0.0204544
61.0006	233.766	0.0196953
62.0491	233.766	0.0213814
63.0977	233.766	0.0197411
64.1463	233.766	0.0204010
65.1949	233.766	0.0192184
66.2434	233.766	0.0195694
67.2920	233.766	0.0199356
68.3406	233.746	0.0194321
69.3892	233.766	0.0197296
70.4377	233.762	0.0181961
71.4863	233.766	0.0191765
72.5349	233.746	0.0202827
73.5835	233.766	0.0182610
74.6320	233.766	0.0186310
75.6806	233.766	0.0188866
76.7292	233.766	0.0184822
77.7778	233.766	0.0195465
78.8263	233.766	0.0190163
79.8749	233.766	0.0178757
80.9235	233.766	0.0173111
81.9721	233.762	0.0174179
83.0207	233.766	0.0195236
84.0692	233.766	0.0199242
85.1178	233.766	0.0185661
86.1664	233.762	0.0186005
87.2150	233.766	0.0176201
88.2635	233.766	0.0180054
89.3121	233.762	0.0172539
90.3607	233.762	0.0167694
91.4093	233.766	0.0179596
92.4578	233.766	0.0194435
93.5064	233.766	0.0179787
94.5550	233.766	0.0175476
95.6036	233.766	0.0172424
97.1764	233.766	0.0177307
99.2736	233.766	0.0176735
101.371	233.766	0.0173035
103.468	233.766	0.0177765
105.565	233.766	0.0196915
107.662	233.770	0.0167770
109.759	233.766	0.0166588
111.856	233.766	0.0199165
113.954	233.762	0.0177460
116.051	233.762	0.0183220
118.148	233.766	0.0176506
120.245	233.766	0.0186501
122.342	233.766	0.0181541
124.439	233.766	0.0175285
126.537	233.762	0.0175171
128.634	233.766	0.0182571
130.731	233.766	0.0169678
132.828	233.746	0.0156670
134.925	233.766	0.0180931
137.022	233.766	0.0171318
139.119	233.766	0.0161362
141.217	233.766	0.0160789
143.314	233.746	0.0179367
145.411	233.766	0.0166092
147.508	233.746	0.0181656
149.605	233.742	0.0188065
151.702	233.746	0.0176582
153.800	233.762	0.0170135
155.897	233.742	0.0169220
157.994	233.762	0.0177650
160.091	233.746	0.0169067
162.188	233.746	0.0186806
164.285	233.746	0.0167236
166.382	233.746	0.0169258
168.480	233.746	0.0179291
170.577	233.746	0.0177460
172.674	233.746	0.0167809
174.771	233.746	0.0163689
176.868	233.746	0.0179749
178.965	233.742	0.0158272
182.111	233.727	0.0171738
186.305	233.746	0.0168724
190.500	233.746	0.0162811
194.694	233.746	0.0171623
198.888	233.730	0.0170403
203.083	233.746	0.0172386
207.277	233.750	0.0163612
211.471	233.730	0.0168381
215.666	233.746	0.0184593
219.860	233.750	0.0162621
224.054	233.750	0.0174751
228.248	233.727	0.0167160
232.443	233.727	0.0162468
236.637	233.707	0.0205956
240.831	233.707	0.0170403
245.026	233.711	0.0179138
249.220	233.711	0.0163574
253.414	233.707	0.0168915
257.609	233.711	0.0167313
261.803	233.707	0.0181808
265.997	233.688	0.0167122
270.191	233.711	0.0178909
274.386	233.691	0.0139427
278.580	233.711	0.0157318
282.774	233.691	0.0173759
286.969	233.711	0.0167351
291.163	233.711	0.0171471
295.357	233.711	0.0164680
299.552	233.711	0.0166779
303.746	233.711	0.0166321
307.940	233.711	0.0162315
312.135	233.711	0.0159950
316.329	233.711	0.0160866
320.523	233.711	0.0176582
324.717	233.715	0.0165405
328.912	233.715	0.0177116
333.106	233.711	0.0163841
337.300	233.691	0.0168762
341.495	233.691	0.0186539
345.689	233.691	0.0168800
351.980	233.711	0.0144730
360.369	233.691	0.0152168
368.758	233.688	0.0160904
377.146	233.691	0.0160942
385.535	233.691	0.0164833
393.923	233.691	0.0140533
402.312	233.715	0.0165405
410.701	233.691	0.0158997
419.089	233.691	0.0150566
427.478	233.691	0.0163574
435.866	233.691	0.0152779
444.255	233.691	0.0143700
452.644	233.711	0.0158653
461.032	233.715	0.0153313
469.421	233.691	0.0172310
477.810	233.711	0.0142899
486.198	233.691	0.0154457
494.587	233.691	0.0165215
502.975	233.688	0.0162811
511.364	233.652	0.0172806
519.753	233.652	0.0152588
528.141	233.648	0.0154762
536.530	233.656	0.0158768
544.918	233.648	0.0159302
553.307	233.652	0.0150070
561.696	233.648	0.0170059
570.084	233.652	0.0156593
578.473	233.648	0.0164986
586.861	233.652	0.0144691
595.250	233.652	0.0167236
603.639	233.656	9.24301e-3