Time	Gap	Axial force
s	µm	N
-1.21151e-8	849.422	-1.60217e-4
5.43999e-4	849.422	-4.95911e-5
1.56801e-3	849.422	-4.84467e-4
2.59199e-3	849.422	-1.30463e-3
3.61599e-3	849.422	-1.27411e-3
4.64000e-3	849.422	-2.70844e-4
5.66401e-3	849.422	1.22070e-3
6.68799e-3	849.422	2.54059e-3
7.71199e-3	849.422	2.13623e-3
8.73600e-3	849.422	1.11771e-3
9.76001e-3	849.422	2.78473e-4
0.0107840	849.422	-3.58582e-4
0.0118080	849.422	-5.18799e-4
0.0128320	849.402	-1.90735e-4
0.0138560	849.402	5.56946e-4
0.0148800	849.402	1.20163e-3
0.0159040	849.402	1.42288e-3
0.0169280	849.402	1.17111e-3
0.0179520	849.402	7.70569e-4
0.0189760	849.402	7.55310e-4
0.0200000	849.402	1.19400e-3
0.0210240	849.402	1.65558e-3
0.0220480	849.402	1.94550e-3
0.0230720	849.402	2.64740e-3
0.0240960	849.402	4.26483e-3
0.0251200	849.402	5.96237e-3
0.0261440	849.402	5.77164e-3
0.0271680	849.402	6.06537e-4
0.0281920	849.402	-2.79236e-3
0.0292160	849.402	-3.80325e-3
0.0302400	849.402	-1.88446e-3
0.0312640	849.402	2.13623e-3
0.0322880	849.402	5.39780e-3
0.0333120	849.402	5.27573e-3
0.0343360	849.402	1.68610e-3
0.0353600	849.402	-2.59781e-3
0.0363840	849.402	-4.50516e-3
0.0374080	849.402	-2.95639e-3
0.0384320	849.402	6.90460e-4
0.0394560	849.402	4.13895e-3
0.0404800	849.402	4.71878e-3
0.0420160	849.402	-6.71387e-4
0.0440640	849.402	-2.54440e-3
0.0461120	849.305	3.58200e-3
0.0481600	849.305	6.70624e-3
0.0502080	849.305	-4.30679e-3
0.0522560	849.305	-5.71823e-3
0.0543040	849.305	2.42615e-3
0.0563520	849.305	2.06375e-3
0.0584000	849.145	-2.58636e-3
0.0604480	849.145	6.52313e-4
0.0624960	849.145	6.55746e-3
0.0645440	849.145	2.18964e-3
0.0665920	849.145	-4.02832e-3
0.0686400	849.145	4.15802e-4
0.0706880	849.145	8.76617e-3
0.0727360	849.145	-7.74384e-4
0.0747840	849.145	-7.37000e-3
0.0768320	849.145	1.17111e-3
0.0788800	849.145	3.91006e-3
0.0809280	849.145	-1.81580e-3
0.0829760	848.902	-8.69751e-4
0.0850240	848.902	5.42831e-3
0.0870720	848.902	2.75803e-3
0.0891200	848.902	-2.61307e-3
0.0911680	848.902	8.50677e-4
0.0932160	848.902	5.19562e-3
0.0952640	848.902	7.24411e-3
0.0973120	848.902	-8.35419e-4
0.0993600	848.902	-3.11279e-3
0.101408	848.902	3.99017e-3
0.103456	848.902	4.01688e-3
0.105504	848.902	-2.81143e-3
0.107552	848.684	-1.39618e-3
0.109600	848.684	4.15421e-3
0.111648	848.684	8.88824e-4
0.113696	848.684	-1.71661e-3
0.115744	848.684	3.26538e-3
0.117792	848.684	7.27081e-3
0.119840	848.383	7.82013e-3
0.121888	848.383	-8.81195e-4
0.124960	848.383	9.19342e-4
0.129056	848.383	-7.62939e-4
0.133152	848.383	3.85666e-3
0.137248	848.383	-2.47955e-4
0.141344	848.383	4.46701e-3
0.145440	848.164	8.31604e-4
0.149536	848.164	-3.14331e-3
0.153632	848.164	-4.99725e-4
0.157728	847.883	5.21469e-3
0.161824	847.883	-6.86646e-5
0.165920	847.883	2.56348e-3
0.170016	847.883	9.06372e-3
0.174112	847.883	-4.92477e-3
0.178208	847.883	7.08771e-3
0.182304	847.883	1.61362e-3
0.186400	847.883	2.94495e-3
0.190496	847.844	1.98364e-3
0.194592	847.844	5.55801e-3
0.198688	847.844	-2.38037e-3
0.202784	847.543	1.67084e-3
0.206880	847.543	-1.79291e-4
0.210976	847.543	2.82669e-3
0.215072	847.543	-9.57489e-4
0.219168	847.543	3.13568e-3
0.223264	847.324	8.69370e-3
0.227360	847.324	-3.83377e-3
0.231456	847.324	5.07736e-3
0.235552	847.324	4.12750e-3
0.239648	847.043	4.15802e-4
0.243744	847.043	6.42395e-3
0.247840	847.043	5.15366e-3
0.251936	847.043	1.41144e-3
0.256032	847.043	-5.72205e-5
0.260128	847.043	-1.39999e-3
0.264224	846.984	2.75040e-3
0.268320	846.984	2.21252e-4
0.272416	846.984	2.49863e-3
0.276512	846.984	9.61304e-3
0.280608	846.984	-7.80869e-3
0.284704	846.984	4.53186e-3
0.290848	846.484	1.01089e-3
0.299040	846.484	2.07138e-3
0.307232	846.484	5.30243e-4
0.315424	846.484	3.00598e-3
0.323616	846.266	3.16238e-3
0.331808	846.266	-7.07626e-3
0.340000	846.266	2.17056e-3
0.348192	846.164	6.09207e-3
0.356384	846.164	3.68500e-3
0.364576	845.922	2.44141e-3
0.372768	845.922	2.33078e-3
0.380960	845.684	-3.02124e-3
0.389152	845.445	3.08228e-3
0.397344	845.445	4.47464e-3
0.405536	845.445	5.32913e-3
0.413728	845.285	4.48608e-3
0.421920	845.285	5.34058e-4
0.430112	845.125	5.17273e-3
0.438304	845.125	3.30734e-3
0.446496	845.125	5.20325e-3
0.454688	845.125	-4.11224e-3
0.462880	844.902	7.74384e-4
0.471072	844.625	5.56564e-3
0.479264	844.625	0.0115929
0.487456	844.426	6.18362e-3
0.495648	844.426	1.78146e-3
0.503840	844.426	2.93350e-3
0.512032	844.363	-4.04358e-3
0.520224	844.363	2.47955e-3
0.528416	844.363	1.84250e-3
0.536608	844.105	1.97601e-3
0.544800	844.105	3.33023e-3
0.552992	844.105	4.73785e-3
0.561184	843.863	5.43594e-3
0.569376	843.645	6.21414e-3
0.577568	843.645	5.68390e-3
0.585760	843.465	-2.27737e-3
0.593952	843.465	1.35422e-3
0.602144	843.465	8.47244e-3
0.610336	843.184	3.20435e-3
0.622624	843.184	2.20490e-3
0.639008	843.125	6.16074e-3
0.655392	842.883	4.98962e-3
0.671776	842.664	0.0104332
0.688160	842.402	5.35965e-3
0.704544	842.402	-3.49426e-3
0.720928	842.305	8.33893e-3
0.737312	842.004	2.26593e-3
0.753696	841.863	-1.48773e-4
0.770080	841.625	7.82776e-3
0.786464	841.426	7.07626e-3
0.802848	841.426	8.23975e-3
0.819232	841.164	4.85992e-3
0.835616	841.105	4.24194e-3
0.852000	840.863	5.30624e-3
0.868384	840.625	5.03922e-3
0.884768	840.383	3.78036e-3
0.901152	840.125	5.47409e-3
0.917536	840.125	5.11932e-3
0.933920	840.086	9.44138e-3
0.950304	839.824	-1.09482e-3
0.966688	839.543	6.43921e-3
0.983072	839.543	6.41632e-3
0.999456	839.324	6.38580e-3
1.01584	839.266	7.07626e-3
1.03222	839.023	9.68933e-4
1.04861	838.766	7.31659e-3
1.06499	838.766	0.0113449
1.08138	838.523	8.01086e-4
1.09776	838.285	6.45065e-3
1.11414	838.203	-1.36948e-3
1.13053	837.965	0.0149841
1.14691	837.965	7.68661e-3
1.16330	837.703	0.0108070
1.17968	837.664	5.04303e-3
1.19606	837.383	6.33621e-3
1.21245	837.125	9.68170e-3
1.22883	837.125	6.29044e-3
1.24522	836.645	0.0117264
1.26160	836.645	5.08881e-3
1.28618	836.344	5.48935e-3
1.31894	835.984	2.59781e-3
1.35171	835.723	1.80054e-3
1.38448	835.266	8.25119e-3
1.41725	834.965	8.06427e-3
1.45002	834.766	7.50732e-3
1.48278	834.324	9.67026e-3
1.51555	834.086	0.0142021
1.54832	833.766	6.35910e-3
1.58109	833.324	6.09207e-3
1.61386	833.223	9.07516e-3
1.64662	832.664	9.74655e-3
1.67939	832.406	7.16400e-3
1.71216	832.086	7.62939e-3
1.74493	831.805	8.80432e-3
1.77770	831.324	8.67462e-3
1.81046	831.203	0.0147400
1.84323	830.805	0.0118217
1.87600	830.266	0.0121880
1.90877	830.203	8.07571e-3
1.94154	829.664	0.0108910
1.97430	829.324	6.48499e-3
2.00707	829.203	0.0148048
2.03984	828.703	0.0118599
2.07261	828.664	0.0125122
2.10538	828.125	0.0152359
2.13814	827.746	0.0139656
2.17091	827.586	0.0133820
2.20368	827.086	0.0156631
2.23645	826.746	0.0123749
2.26922	826.645	0.0193443
2.30198	826.207	0.0121727
2.33475	825.824	9.33075e-3
2.36752	825.586	0.0154915
2.40029	825.227	0.0170708
2.43306	824.906	0.0139008
2.46582	824.566	0.0106087
2.49859	824.184	0.0152893
2.53136	823.984	0.0164528
2.56413	823.645	0.0125656
2.61328	822.984	0.0123558
2.67882	822.227	9.15527e-3
2.74435	821.586	0.0141068
2.80989	821.004	0.0156937
2.87542	820.445	0.0230827
2.94096	819.645	0.0155754
3.00650	819.168	0.0164871
3.07203	818.484	0.0183296
3.13757	817.965	0.0190125
3.20310	817.207	0.0215645
3.26864	816.566	0.0153999
3.33418	815.926	0.0182037
3.39971	815.188	0.0234680
3.46525	814.508	0.0226631
3.53078	813.828	0.0225296
3.59632	813.328	0.0235405
3.66186	812.527	0.0224380
3.72739	811.926	0.0244293
3.79293	811.246	0.0258102
3.85846	810.508	0.0252228
3.92400	809.785	0.0214081
3.98954	809.328	0.0210571
4.05507	808.785	0.0280838
4.12061	807.906	0.0205803
4.18614	807.207	0.0275841
4.25168	806.605	0.0261383
4.31722	805.887	0.0254288
4.38275	805.207	0.0242538
4.44829	804.648	0.0316162
4.51382	804.129	0.0275002
4.57936	803.168	0.0313835
4.64490	802.766	0.0296631
4.71043	802.105	0.0350418
4.77597	801.488	0.0347214
4.84150	800.766	0.0385437
4.90704	800.129	0.0343590
5.45131	799.148	0.0259666
5.45186	799.148	0.0254974
5.45288	799.148	0.0249710
5.45390	799.148	0.0245361
5.45493	799.148	0.0242043
5.45595	799.148	0.0239258
5.45698	799.148	0.0238609
5.45800	799.148	0.0242805
5.45902	799.148	0.0247383
5.46005	799.148	0.0250092
5.46107	799.148	0.0251694
5.46210	799.148	0.0254135
5.46312	799.148	0.0258865
5.46414	799.148	0.0264587
5.46517	799.148	0.0266876
5.46619	799.148	0.0263939
5.46722	799.148	0.0256920
5.46824	799.148	0.0249786
5.46926	799.148	0.0247459
5.47029	799.148	0.0248871
5.47131	799.148	0.0249901
5.47234	799.148	0.0247765
5.47336	799.148	0.0243683
5.47438	799.148	0.0245743
5.47541	799.148	0.0255508
5.47643	799.148	0.0265465
5.47746	799.148	0.0266647
5.47848	799.148	0.0261574
5.47950	799.129	0.0253944
5.48053	799.129	0.0255547
5.48155	799.129	0.0260162
5.48258	799.129	0.0264473
5.48360	799.129	0.0267448
5.48462	799.129	0.0266533
5.48565	799.129	0.0262413
5.48667	799.129	0.0257111
5.48770	799.129	0.0251274
5.48872	799.129	0.0246964
5.48974	799.129	0.0245285
5.49077	799.129	0.0245438
5.49179	799.129	0.0245819
5.49333	799.129	0.0241814
5.49538	799.129	0.0246162
5.49742	799.129	0.0243454
5.49947	799.129	0.0251427
5.50152	799.129	0.0257111
5.50357	799.129	0.0253181
5.50562	799.129	0.0246162
5.50766	799.129	0.0247345
5.50971	799.129	0.0243111
5.51176	799.129	0.0229340
5.51381	799.129	0.0233231
5.51586	799.129	0.0250320
5.51790	799.129	0.0253677
5.51995	799.129	0.0244408
5.52200	799.129	0.0254211
5.52405	799.129	0.0258980
5.52610	799.129	0.0257797
5.52814	799.129	0.0246964
5.53019	799.129	0.0238152
5.53224	799.129	0.0245247
5.53429	799.129	0.0250130
5.53634	799.129	0.0244713
5.53838	799.129	0.0249596
5.54043	799.129	0.0266533
5.54248	799.129	0.0256615
5.54453	799.129	0.0249176
5.54658	799.129	0.0263557
5.54862	799.129	0.0258255
5.55067	799.129	0.0247307
5.55272	799.129	0.0248604
5.55477	799.129	0.0249825
5.55682	799.129	0.0252075
5.55886	799.129	0.0256310
5.56091	799.129	0.0251198
5.56296	799.129	0.0241585
5.56501	799.129	0.0250053
5.56706	799.129	0.0251083
5.56910	799.129	0.0246391
5.57115	799.129	0.0238113
5.57320	799.129	0.0242996
5.57627	799.129	0.0245590
5.58037	799.129	0.0249062
5.58446	799.129	0.0255356
5.58856	799.129	0.0255432
5.59266	799.129	0.0256119
5.59675	799.129	0.0255470
5.60085	799.129	0.0256310
5.60494	799.129	0.0243378
5.60904	799.129	0.0244598
5.61314	799.129	0.0245285
5.61723	799.129	0.0248337
5.62133	799.129	0.0235634
5.62542	799.129	0.0239334
5.62952	799.129	0.0244179
5.63362	799.129	0.0241547
5.63771	799.129	0.0238876
5.64181	799.129	0.0242004
5.64590	799.129	0.0250931
5.65000	799.129	0.0251160
5.65410	799.129	0.0238533
5.65819	799.129	0.0230484
5.66229	799.129	0.0243988
5.66638	799.129	0.0271225
5.67048	799.129	0.0239372
5.67458	799.129	0.0232506
5.67867	799.129	0.0234337
5.68277	799.129	0.0240631
5.68686	799.129	0.0230026
5.69096	799.129	0.0244408
5.69506	799.129	0.0235176
5.69915	799.129	0.0237274
5.70325	799.129	0.0246124
5.70734	799.129	0.0236130
5.71144	799.129	0.0246277
5.71554	799.129	0.0231438
5.71963	799.129	0.0231514
5.72373	799.129	0.0244370
5.72782	799.129	0.0237465
5.73192	799.129	0.0245438
5.73602	799.129	0.0237122
5.74216	799.129	0.0243912
5.75035	799.129	0.0224457
5.75854	799.129	0.0232430
5.76674	799.129	0.0243034
5.77493	799.129	0.0232506
5.78312	799.129	0.0225792
5.79131	799.129	0.0218620
5.79950	799.129	0.0234909
5.80770	799.129	0.0231438
5.81589	799.129	0.0237274
5.82408	799.129	0.0225563
5.83227	799.129	0.0238495
5.84046	799.129	0.0242043
5.84866	799.129	0.0226860
5.85685	799.129	0.0228691
5.86504	799.129	0.0241776
5.87323	799.129	0.0223160
5.88142	799.129	0.0236816
5.88962	799.129	0.0232010
5.89781	799.129	0.0227203
5.90600	799.129	0.0235176
5.91419	799.129	0.0229492
5.92238	799.129	0.0230103
5.93058	799.129	0.0231895
5.93877	799.129	0.0228119
5.94696	799.129	0.0226936
5.95515	799.129	0.0215416
5.96334	799.129	0.0227318
5.97154	799.129	0.0222244
5.97973	799.129	0.0230255
5.98792	799.129	0.0230179
5.99611	799.129	0.0219994
6.00430	799.129	0.0214233
6.01250	799.129	0.0221481
6.02069	799.129	0.0224800
6.02888	799.129	0.0219498
6.03707	799.129	0.0226479
6.04526	799.129	0.0223351
6.05346	799.129	0.0212898
6.06165	799.129	0.0219536
6.07394	799.129	0.0217857
6.09032	799.109	0.0227699
6.10670	799.109	0.0234108
6.12309	799.109	0.0211945
6.13947	799.109	0.0213509
6.15586	799.109	0.0197830
6.17224	799.109	0.0194092
6.18862	799.109	0.0221672
6.20501	799.109	0.0226593
6.22139	799.109	0.0227623
6.23778	799.109	0.0211601
6.25416	799.109	0.0211449
6.27054	799.109	0.0199623
6.28693	799.109	0.0202675
6.30331	799.109	0.0226326
6.31970	799.109	0.0212860
6.33608	799.109	0.0209885
6.35246	799.109	0.0219650
6.36885	799.109	0.0226250
6.38523	799.109	0.0212135
6.40162	799.109	0.0197487
6.41800	799.109	0.0205193
6.43438	799.109	0.0206833
6.45077	799.109	0.0207825
6.46715	799.109	0.0212746
6.48354	799.090	0.0220642
6.49992	799.090	0.0208244
6.51630	799.090	0.0203514
6.53269	799.090	0.0185127
6.54907	799.090	0.0204201
6.56546	799.090	0.0199318
6.58184	799.090	0.0203934
6.59822	799.090	0.0207787
6.63099	799.090	0.0208511
6.64738	799.090	0.0206223
6.66376	799.090	0.0190659
6.68014	799.109	0.0201302
6.69653	799.109	0.0199471
6.71291	799.109	0.0200539
6.73749	799.109	0.0205536
6.77026	799.109	0.0189171
6.80302	799.109	0.0199814
6.83579	799.109	0.0199089
6.86856	799.109	0.0204849
6.90133	799.090	0.0206032
6.93410	799.090	0.0194855
6.96686	799.090	0.0193672
6.99963	799.090	0.0196838
7.03240	799.090	0.0195541
7.06517	799.090	0.0189514
7.09794	799.086	0.0192032
7.13070	799.086	0.0180244
7.16347	799.086	0.0190697
7.19624	799.086	0.0182571
7.22901	799.086	0.0180740
7.26178	799.086	0.0201836
7.29454	799.086	0.0187302
7.32731	799.086	0.0185165
7.36008	799.086	0.0193710
7.39285	799.086	0.0187798
7.42562	799.086	0.0205765
7.45838	799.086	0.0194969
7.49115	799.086	0.0182877
7.52392	799.086	0.0191078
7.55669	799.086	0.0186119
7.58946	799.086	0.0181274
7.62222	799.086	0.0191269
7.65499	799.086	0.0196724
7.68776	799.086	0.0183640
7.72053	799.086	0.0183105
7.75330	799.086	0.0173874
7.78606	799.086	0.0176735
7.81883	799.086	0.0183525
7.85160	799.086	0.0182457
7.88437	799.090	0.0175591
7.91714	799.090	0.0174446
7.94990	799.090	0.0187149
7.98267	799.090	0.0171852
8.01544	799.090	0.0176888
8.06459	799.090	0.0167389
8.13013	799.090	0.0166206
8.19566	799.090	0.0172386
8.26120	799.090	0.0190582
8.32674	799.090	0.0193977
8.39227	799.090	0.0198326
8.45781	799.090	0.0180016
8.52334	799.070	0.0188408
8.58888	799.070	0.0179214
8.65442	799.070	0.0169640
8.71995	799.070	0.0207558
8.78549	799.070	0.0176506
8.85102	799.070	0.0190926
8.91656	799.070	0.0167618
8.98210	799.070	0.0176773
9.04763	799.070	0.0161095
9.11317	799.070	0.0149384
9.17870	799.070	0.0155296
9.24424	799.070	0.0140152
9.30978	799.051	0.0151749
9.37531	799.051	0.0162468
9.44085	799.051	0.0168037
9.50638	799.051	0.0167618
9.57192	799.051	0.0168724
9.63745	799.051	0.0142975
9.70299	799.070	0.0150604
9.76853	799.070	0.0138397
9.83406	799.070	0.0159225
9.89960	799.051	0.0157242
9.96514	799.051	0.0168114
10.0307	799.051	0.0156784
10.0962	799.070	0.0147667
10.1617	799.070	0.0149307
10.2273	799.070	0.0144348
10.2928	799.070	0.0131950
10.3584	799.070	0.0134659
10.4239	799.070	0.0135193
10.4894	799.051	0.0140457
10.5550	799.051	0.0132942
10.6205	799.051	0.0144043
10.7188	799.051	0.0143585
10.8499	799.051	0.0145493
10.9809	799.051	0.0137177
11.1120	799.070	0.0145073
11.2431	799.070	0.0134277
11.3742	799.051	0.0137711
11.5052	799.070	0.0122948
11.6363	799.070	0.0132294
11.8984	799.051	0.0121536
12.0295	799.051	0.0118599
12.1606	799.070	0.0106735
12.2917	799.051	0.0107231
12.4227	799.051	0.0122299
12.5538	799.070	0.0115547
12.8160	799.070	0.0121117
12.9470	799.051	0.0116882
13.2092	799.051	0.0132256
13.3402	799.051	0.0124321
13.4713	799.051	0.0129623
13.6024	799.051	0.0118752
13.7335	799.051	0.0128784
13.9956	799.051	0.0146065
14.1267	799.051	0.0116997
14.2577	799.051	0.0120697
14.3888	799.051	0.0110207
14.5199	799.051	0.0118637
14.6510	799.051	0.0124550
14.7820	799.051	0.0143204
15.0442	799.070	0.0131340
15.1752	799.051	0.0117607
15.3063	799.051	0.0115395
15.4374	799.051	0.0124664
15.5685	799.051	0.0111427
15.6995	799.055	0.0119133
15.8306	799.055	0.0107613
16.0272	799.055	0.0126495
16.2894	799.055	9.80377e-3
16.8136	799.055	8.51822e-3
17.0758	799.055	9.87244e-3
17.3379	799.055	9.10187e-3
17.6001	799.055	0.0108376
17.8622	799.055	8.24738e-3
18.1244	799.055	9.54056e-3
18.3865	799.055	0.0102425
18.6487	799.059	0.0105133
18.9108	799.059	0.0104103
19.1729	799.059	0.0118141
19.4351	799.059	9.33456e-3
19.6972	799.059	0.0101662
19.9594	799.059	9.95636e-3
20.2215	799.059	0.0104065
20.4837	799.059	0.0102959
20.7458	799.059	9.93729e-3
21.0080	799.059	0.0104752
21.2701	799.059	0.0114250
21.5322	799.059	0.0109634
21.7944	799.059	0.0106544
22.0565	799.059	9.01794e-3
22.3187	799.039	8.91113e-3
22.5808	799.059	9.34982e-3
22.8430	799.059	9.92966e-3
23.1051	799.059	0.0104332
23.6294	799.062	0.0103493
23.8915	799.062	9.56345e-3
24.1537	799.062	9.48715e-3
24.4158	799.062	8.42667e-3
24.9401	799.062	9.50241e-3
25.2023	799.062	0.0113602
25.4644	799.062	0.0101585
25.7265	799.066	0.0105476
25.9887	799.043	9.00650e-3
26.6440	799.066	9.23538e-3
27.1683	799.066	8.88824e-3
27.6926	799.066	9.09424e-3
28.2169	799.066	9.99832e-3
29.7898	799.066	0.0103493
30.3141	799.047	9.64355e-3
30.8384	799.066	8.21304e-3
31.3626	799.066	8.49152e-3
31.8869	799.066	8.50296e-3
33.4598	799.047	0.0105515
33.9841	799.047	8.43430e-3
34.5084	799.047	8.14056e-3
35.0327	799.070	8.84628e-3
35.5569	799.051	6.45065e-3
36.0812	799.070	6.23703e-3
36.6055	799.070	7.21741e-3
37.1298	799.051	6.56891e-3
37.6541	799.070	8.46481e-3
38.1784	799.051	6.72531e-3
39.2270	799.051	7.48825e-3
39.7512	799.051	8.07571e-3
40.2755	799.055	7.20215e-3
40.7998	799.055	9.28879e-3
41.3241	799.074	7.93076e-3
41.8484	799.055	7.59506e-3
42.3727	799.055	7.45010e-3
42.8970	799.055	6.96182e-3
43.4213	799.055	9.98688e-3
43.9455	799.055	8.66318e-3
44.4698	799.055	6.90079e-3
44.9941	799.055	7.22122e-3
45.5184	799.055	7.03049e-3
46.0427	799.055	7.38907e-3
46.5670	799.035	8.44193e-3
47.8777	799.059	9.17053e-3
48.9263	799.062	7.43484e-3
49.9749	799.062	7.80106e-3
51.0234	799.043	6.64520e-3
52.0720	799.039	7.82013e-3
53.1206	799.062	8.42667e-3
54.1692	799.043	7.37000e-3
55.2177	799.062	6.23322e-3
56.2663	799.066	6.41632e-3
57.3149	799.066	7.78961e-3
58.3635	799.047	5.92041e-3
59.4120	799.047	6.38962e-3
60.4606	799.070	6.63376e-3
61.5092	799.070	6.48117e-3
62.5578	799.051	7.68280e-3
63.6063	799.051	7.57217e-3
64.6549	799.051	6.32477e-3
66.7521	799.055	5.59616e-3
67.8007	799.055	6.67191e-3
68.8492	799.055	6.56891e-3
69.8978	799.055	6.62231e-3
70.9464	799.055	7.73239e-3
71.9950	799.055	5.47791e-3
73.0435	799.059	5.93185e-3
74.0921	799.078	7.27844e-3
75.1407	799.059	6.63376e-3
76.1893	799.062	5.79071e-3
77.2378	799.062	6.19125e-3
78.2864	799.062	6.96182e-3
79.3350	799.062	5.24139e-3
80.3836	799.062	5.97000e-3
82.4807	799.066	5.86319e-3
83.5293	799.066	4.96674e-3
84.5779	799.066	5.42068e-3
86.6750	799.051	6.70242e-3
87.7236	799.070	6.33240e-3
88.7722	799.051	6.82831e-3
90.3450	799.074	5.79834e-3
92.4422	799.055	7.94601e-3
94.5394	799.055	5.53513e-3
96.6365	799.059	5.68008e-3
98.7337	799.059	6.51169e-3
100.831	799.059	6.32477e-3
102.928	799.059	4.13895e-3
105.025	799.062	4.74167e-3
107.122	799.062	4.66919e-3
109.219	799.062	4.83322e-3
111.317	799.066	6.83975e-3
113.414	799.070	4.71878e-3
115.511	799.070	6.17981e-3
117.608	799.051	5.50461e-3
119.705	799.074	5.45883e-3
121.802	799.055	6.80161e-3
123.899	799.078	5.71442e-3
125.997	799.059	6.44684e-3
130.191	799.062	4.79126e-3
132.288	799.066	5.71823e-3
134.385	799.062	4.26865e-3
136.482	799.062	4.07791e-3
138.580	799.066	3.03268e-3
140.677	799.086	5.27954e-3
142.774	799.066	5.58090e-3
144.871	799.070	3.23868e-3
146.968	799.074	5.08118e-3
149.065	799.070	4.91714e-3
151.162	799.074	6.06155e-3
153.260	799.078	6.06918e-3
155.357	799.078	4.27246e-3
157.454	799.078	5.48172e-3
159.551	799.102	5.15747e-3
161.648	799.082	3.54767e-3
165.843	799.086	4.85992e-3
167.940	799.086	5.29861e-3
170.037	799.086	6.12259e-3
172.134	799.090	4.70734e-3
175.280	799.094	4.66537e-3
179.474	799.098	5.42450e-3
183.668	799.102	3.52859e-3
187.863	799.082	5.09262e-3
192.057	799.105	6.88171e-3
196.251	799.109	4.71497e-3
200.446	799.113	5.48935e-3
204.640	799.113	4.08173e-3
208.834	799.121	3.19290e-3
213.028	799.125	4.75311e-3
217.223	799.125	4.65775e-3
221.417	799.105	4.40216e-3
225.611	799.109	4.90570e-3
229.806	799.117	3.66211e-3
234.000	799.117	4.14658e-3
238.194	799.117	4.71115e-3
242.389	799.125	3.80707e-3
246.583	799.125	4.08936e-3
250.777	799.129	6.06155e-3
254.971	799.129	5.19180e-3
259.166	799.137	4.94003e-3
263.360	799.137	5.77545e-3
267.554	799.141	4.55093e-3
271.749	799.145	3.59726e-3
275.943	799.145	3.15857e-3
280.137	799.129	4.02832e-3
284.332	799.129	4.79889e-3
288.526	799.137	5.54657e-3
292.720	799.160	5.50842e-3
296.915	799.141	4.51660e-3
301.109	799.145	5.74493e-3