Time	Gap	Axial force
s	µm	N
0.00000	776.250	1.68610e-3
5.44000e-4	776.250	-2.15530e-3
1.56800e-3	776.250	-4.58145e-3
2.59200e-3	776.250	-4.13513e-3
3.61600e-3	776.250	-1.61362e-3
4.64000e-3	776.250	6.17981e-4
5.66400e-3	776.250	1.10626e-3
6.68800e-3	776.250	-1.56403e-4
7.71200e-3	776.250	-1.88065e-3
8.73600e-3	776.250	-2.72369e-3
9.76000e-3	776.250	-1.98746e-3
0.0107840	776.250	-7.62939e-5
0.0118080	776.250	1.70898e-3
0.0128320	776.250	1.04904e-3
0.0138560	776.250	3.73840e-4
0.0148800	776.250	1.69373e-3
0.0159040	776.250	4.45175e-3
0.0169280	776.250	5.26047e-3
0.0179520	776.250	2.58255e-3
0.0189760	776.250	-1.79291e-3
0.0200000	776.109	-4.27246e-3
0.0210240	776.109	-3.52859e-3
0.0220480	776.109	-5.30243e-4
0.0230720	776.109	2.01416e-3
0.0240960	776.109	2.73514e-3
0.0251200	776.109	1.39999e-3
0.0261440	776.109	-8.39233e-4
0.0271680	776.109	-1.95313e-3
0.0281920	776.109	-9.88007e-4
0.0292160	776.109	1.27792e-3
0.0302400	776.109	2.78854e-3
0.0312640	776.109	2.55966e-3
0.0322880	776.109	-2.36511e-4
0.0333120	776.109	-1.45340e-3
0.0343360	776.109	-1.12534e-3
0.0353600	776.109	8.54492e-4
0.0363840	776.109	3.50952e-3
0.0374080	776.109	4.55093e-3
0.0384320	776.109	3.55530e-3
0.0394560	776.109	2.00653e-3
0.0404800	776.109	1.65939e-3
0.0420160	775.891	6.54602e-3
0.0440640	775.891	5.94330e-3
0.0461120	775.891	-4.26102e-3
0.0481600	775.891	-2.99454e-3
0.0502080	775.891	3.19672e-3
0.0522560	775.891	7.17163e-4
0.0543040	775.891	1.15585e-3
0.0563520	775.891	3.78799e-3
0.0584000	775.891	1.97220e-3
0.0604480	775.891	3.05176e-5
0.0624960	775.891	1.72043e-3
0.0645440	775.891	2.75803e-3
0.0665920	775.648	9.15527e-4
0.0686400	775.648	4.74167e-3
0.0706880	775.648	4.66537e-3
0.0727360	775.648	-3.95966e-3
0.0747840	775.648	5.11169e-4
0.0768320	775.648	8.94547e-3
0.0788800	775.648	5.58472e-3
0.0809280	775.648	-4.95911e-4
0.0829760	775.648	2.03323e-3
0.0850240	775.648	4.18854e-3
0.0870720	775.648	7.12204e-3
0.0891200	775.648	4.34113e-3
0.0911680	775.469	-1.52588e-3
0.0932160	775.469	1.72424e-3
0.0952640	775.469	5.66483e-3
0.0973120	775.469	3.22342e-3
0.0993600	775.469	3.79181e-3
0.101408	775.469	7.09915e-3
0.103456	775.070	4.48227e-3
0.105504	775.070	1.43433e-3
0.107552	775.070	4.68445e-3
0.109600	775.070	5.42831e-3
0.111648	775.070	2.73895e-3
0.113696	775.070	2.82669e-3
0.115744	775.070	3.97491e-3
0.117792	775.070	9.78470e-3
0.119840	775.070	4.59671e-3
0.121888	775.070	-3.10135e-3
0.124960	775.070	6.69479e-3
0.129056	775.012	4.19617e-3
0.133152	775.012	4.99344e-3
0.137248	775.012	6.05774e-3
0.141344	774.789	4.58145e-3
0.145440	774.789	0.0142708
0.149536	774.789	-3.46756e-3
0.153632	774.789	9.80377e-3
0.157728	774.789	2.32697e-3
0.161824	774.789	5.96619e-3
0.165920	774.469	0.0120926
0.170016	774.469	6.40869e-4
0.174112	774.469	7.18689e-3
0.178208	774.469	5.60379e-3
0.182304	774.469	5.54657e-3
0.186400	774.469	7.15637e-3
0.190496	774.211	6.52313e-3
0.194592	774.211	6.02341e-3
0.198688	774.211	0.0123940
0.202784	774.172	9.61304e-4
0.206880	774.172	9.83810e-3
0.210976	774.172	7.86591e-3
0.215072	774.172	5.05447e-3
0.219168	774.172	0.0119896
0.223264	774.172	3.68500e-3
0.227360	773.949	0.0120583
0.231456	773.949	3.78418e-3
0.235552	773.949	7.17545e-3
0.239648	773.949	6.42014e-3
0.243744	773.949	0.0121574
0.247840	773.691	6.79779e-3
0.251936	773.691	0.0105438
0.256032	773.691	7.94601e-3
0.260128	773.551	0.0160828
0.264224	773.551	3.88336e-3
0.268320	773.551	0.0103416
0.272416	773.551	7.31659e-3
0.276512	773.551	8.51440e-3
0.280608	773.551	0.0168037
0.284704	773.352	2.28500e-3
0.290848	773.352	9.07135e-3
0.299040	773.352	9.68933e-3
0.307232	773.352	7.35855e-3
0.315424	773.109	5.38254e-3
0.323616	773.109	0.0101204
0.331808	772.949	0.0119476
0.340000	772.949	0.0121498
0.348192	772.949	3.63541e-3
0.356384	772.711	0.0165062
0.364576	772.391	0.0143394
0.372768	772.391	0.0112495
0.380960	772.332	7.47681e-3
0.389152	772.129	0.0129738
0.397344	772.129	0.0126839
0.405536	772.129	0.0201149
0.413728	771.871	0.0164833
0.421920	771.871	0.0120850
0.430112	771.871	0.0118065
0.438304	771.871	0.0183754
0.446496	771.871	0.0147896
0.454688	771.531	0.0106659
0.462880	771.531	7.57217e-3
0.471072	771.352	0.0141678
0.479264	771.352	0.0116272
0.487456	771.352	0.0105934
0.495648	771.129	0.0113373
0.503840	771.129	8.45718e-3
0.512032	770.949	0.0137749
0.520224	770.949	0.0141983
0.528416	770.949	0.0115929
0.536608	770.949	9.60922e-3
0.544800	770.949	0.0169067
0.552992	770.551	0.0194855
0.561184	770.551	0.0167580
0.569376	770.551	0.0121002
0.577568	770.211	0.0188828
0.585760	770.211	0.0164146
0.593952	770.152	0.0195045
0.602144	770.152	0.0156212
0.610336	770.152	0.0101166
0.622624	769.871	0.0225220
0.639008	769.711	0.0159378
0.655392	769.570	0.0200195
0.671776	769.254	0.0139160
0.688160	769.254	0.0217781
0.704544	769.230	0.0185547
0.720928	768.891	0.0172653
0.737312	768.852	0.0164566
0.753696	768.492	0.0188408
0.770080	768.492	0.0218773
0.786464	768.113	0.0140762
0.802848	768.113	0.0203476
0.819232	767.992	0.0173111
0.835616	767.754	0.0153008
0.852000	767.594	0.0247078
0.868384	767.395	0.0183487
0.884768	767.395	0.0147896
0.901152	767.074	0.0240784
0.917536	766.914	0.0211868
0.933920	766.715	0.0213051
0.950304	766.570	0.0243187
0.966688	766.313	0.0214691
0.983072	766.313	0.0239639
0.999456	766.211	0.0215340
1.01584	765.973	0.0216446
1.03222	765.672	0.0192833
1.04861	765.590	0.0218925
1.06499	765.590	0.0208092
1.08138	765.289	0.0232468
1.09776	765.230	0.0240250
1.11414	764.949	0.0240059
1.13053	764.730	0.0223503
1.14691	764.730	0.0232124
1.16330	764.590	0.0247345
1.17968	764.352	0.0287018
1.19606	764.152	0.0251503
1.21245	764.012	0.0214386
1.22883	764.012	0.0250130
1.24522	763.793	0.0239601
1.26160	763.512	0.0262604
1.28618	763.152	0.0249557
1.31894	762.895	0.0326271
1.35171	762.594	0.0206566
1.38448	762.312	0.0272179
1.41725	762.035	0.0233841
1.45002	761.574	0.0250587
1.48278	761.273	0.0279579
1.51555	761.035	0.0287552
1.54832	760.754	0.0239182
1.58109	760.273	0.0280342
1.61386	760.055	0.0197029
1.64662	759.594	0.0251541
1.67939	759.512	0.0275154
1.71216	759.113	0.0252037
1.74493	758.633	0.0279198
1.77770	758.512	0.0239487
1.81046	758.156	0.0263596
1.84323	757.695	0.0292053
1.87600	757.477	0.0226822
1.90877	757.035	0.0298347
1.94154	756.594	0.0303307
1.97430	756.535	0.0297966
2.00707	756.074	0.0337982
2.03984	755.637	0.0312767
2.07261	755.434	0.0310516
2.10538	755.117	0.0304489
2.13814	754.895	0.0328064
2.17091	754.457	0.0336151
2.20368	754.012	0.0315895
2.23645	753.914	0.0268288
2.26922	753.512	0.0329323
2.30198	753.074	0.0327263
2.33475	752.852	0.0378265
2.36752	752.352	0.0337372
2.40029	752.094	0.0356789
2.43306	751.875	0.0309944
2.46582	751.414	0.0315437
2.49859	751.113	0.0297661
2.53136	750.895	0.0225563
2.56413	750.395	0.0307350
2.61328	749.852	0.0303535
2.67882	749.250	0.0330620
2.74435	748.352	0.0308456
2.80989	747.797	0.0297585
2.87542	747.273	0.0355644
2.94096	746.395	0.0339508
3.00650	745.855	0.0330505
3.07203	745.191	0.0334892
3.13757	744.531	0.0308800
3.20310	743.832	0.0341225
3.26864	743.176	0.0337906
3.33418	742.633	0.0367203
3.39971	741.793	0.0368767
3.46525	741.254	0.0351563
3.53078	740.594	0.0306282
3.59632	740.031	0.0274620
3.66186	739.395	0.0319023
3.72739	738.594	0.0367508
3.79293	738.016	0.0349083
3.85846	737.414	0.0353775
3.92400	736.633	0.0440254
3.98954	736.055	0.0344086
4.05507	735.336	0.0411034
4.12061	734.555	0.0380096
4.18614	733.992	0.0342445
4.25168	733.453	0.0315437
4.31722	732.672	0.0355377
4.38275	731.914	0.0343361
4.44829	731.352	0.0375671
4.51382	730.773	0.0262985
4.57936	730.191	0.0326691
4.64490	729.234	0.0375366
4.71043	728.594	0.0351372
4.77597	728.055	0.0370750
4.84150	727.453	0.0382080
4.90704	726.633	0.0346794
4.97258	726.035	0.0392303
5.03811	725.516	0.0416451
5.10365	724.672	0.0350342
5.16918	724.055	0.0390739
5.26749	722.852	0.0346336
5.39856	721.613	0.0364723
5.52963	720.316	0.0335693
5.66070	718.973	0.0403595
5.79178	717.574	0.0363350
6.45637	715.875	0.0254784
6.45691	715.875	0.0247612
6.45794	715.875	0.0249405
6.45896	715.875	0.0252113
6.45999	715.875	0.0246048
6.46101	715.875	0.0234604
6.46203	715.875	0.0224762
6.46306	715.875	0.0223312
6.46408	715.875	0.0228081
6.46511	715.875	0.0232658
6.46613	715.875	0.0233231
6.46715	715.875	0.0229073
6.46818	715.875	0.0225410
6.46920	715.875	0.0225716
6.47023	715.875	0.0227623
6.47125	715.875	0.0231781
6.47227	715.875	0.0236053
6.47330	715.875	0.0238152
6.47432	715.875	0.0237808
6.47535	715.875	0.0234718
6.47637	715.875	0.0230179
6.47739	715.875	0.0226212
6.47842	715.875	0.0223198
6.47944	715.832	0.0219955
6.48047	715.832	0.0213623
6.48149	715.832	0.0206680
6.48251	715.832	0.0202942
6.48354	715.832	0.0204735
6.48456	715.832	0.0209732
6.48559	715.832	0.0212746
6.48661	715.832	0.0214615
6.48763	715.832	0.0216866
6.48866	715.832	0.0218773
6.48968	715.832	0.0219765
6.49071	715.832	0.0222359
6.49173	715.832	0.0225868
6.49275	715.832	0.0228615
6.49378	715.832	0.0231590
6.49480	715.832	0.0232048
6.49583	715.832	0.0229950
6.49685	715.832	0.0224304
6.49838	715.832	0.0208969
6.50043	715.832	0.0215225
6.50248	715.832	0.0242195
6.50453	715.832	0.0230103
6.50658	715.832	0.0211792
6.50863	715.832	0.0225143
6.51067	715.832	0.0241737
6.51272	715.832	0.0239105
6.51477	715.832	0.0222740
6.51682	715.832	0.0223389
6.51887	715.832	0.0235367
6.52091	715.832	0.0229492
6.52296	715.832	0.0222473
6.52501	715.832	0.0219879
6.52706	715.832	0.0218811
6.52911	715.832	0.0218925
6.53115	715.832	0.0223770
6.53320	715.832	0.0222244
6.53525	715.832	0.0205841
6.53730	715.832	0.0205116
6.53935	715.832	0.0218582
6.54139	715.832	0.0209961
6.54344	715.832	0.0198631
6.54549	715.832	0.0201988
6.54754	715.832	0.0214386
6.54959	715.832	0.0220985
6.55163	715.832	0.0211334
6.55368	715.832	0.0215149
6.55573	715.832	0.0232010
6.55778	715.832	0.0222626
6.55982	715.832	0.0211868
6.56187	715.832	0.0221024
6.56392	715.832	0.0231400
6.56597	715.832	0.0214462
6.56802	715.832	0.0209274
6.57007	715.832	0.0220451
6.57211	715.832	0.0219345
6.57416	715.832	0.0213585
6.57621	715.832	0.0218544
6.57826	715.832	0.0220680
6.58133	715.832	0.0219803
6.58543	715.832	0.0209084
6.58952	715.832	0.0200729
6.59362	715.832	0.0199547
6.59771	715.832	0.0199890
6.60181	715.832	0.0207672
6.60591	715.832	0.0209465
6.61000	715.832	0.0198669
6.61410	715.832	0.0203171
6.61819	715.832	0.0215340
6.62229	715.832	0.0222092
6.62639	715.832	0.0202980
6.63048	715.832	0.0210953
6.63458	715.832	0.0198517
6.63867	715.832	0.0210457
6.64277	715.832	0.0196838
6.64687	715.832	0.0203056
6.65096	715.832	0.0202255
6.65506	715.832	0.0194244
6.65915	715.832	0.0192146
6.66325	715.832	0.0197258
6.66735	715.832	0.0187073
6.67144	715.832	0.0202332
6.67554	715.832	0.0197601
6.67963	715.832	0.0214920
6.68373	715.832	0.0205994
6.68783	715.832	0.0210800
6.69192	715.832	0.0194283
6.69602	715.832	0.0216637
6.70011	715.832	0.0184669
6.70421	715.832	0.0180740
6.70831	715.832	0.0184174
6.71240	715.832	0.0192375
6.71650	715.832	0.0211029
6.72059	715.832	0.0193405
6.72469	715.832	0.0171585
6.72879	715.832	0.0200615
6.73288	715.832	0.0191650
6.73698	715.832	0.0209007
6.74107	715.832	0.0183563
6.74722	715.832	0.0192604
6.75541	715.832	0.0190582
6.76360	715.832	0.0180626
6.77179	715.832	0.0187416
6.77998	715.832	0.0179100
6.78818	715.832	0.0195084
6.79637	715.832	0.0182152
6.80456	715.832	0.0197716
6.81275	715.832	0.0178642
6.82095	715.832	0.0170593
6.82914	715.832	0.0186348
6.83733	715.832	0.0177345
6.84552	715.832	0.0187759
6.85371	715.832	0.0169334
6.86191	715.832	0.0180092
6.87010	715.832	0.0178795
6.87829	715.836	0.0177460
6.88648	715.836	0.0192566
6.89467	715.836	0.0172386
6.90287	715.836	0.0173340
6.91106	715.836	0.0167274
6.91925	715.836	0.0182800
6.92744	715.836	0.0171928
6.93563	715.836	0.0176735
6.94383	715.836	0.0183029
6.95202	715.836	0.0172997
6.96021	715.836	0.0164070
6.96840	715.836	0.0157776
6.97659	715.836	0.0174675
6.98479	715.836	0.0177650
6.99298	715.836	0.0169029
7.00117	715.836	0.0180473
7.00936	715.836	0.0171585
7.01755	715.836	0.0169411
7.02575	715.836	0.0167580
7.03394	715.836	0.0168114
7.04213	715.836	0.0166855
7.05032	715.836	0.0173492
7.05851	715.836	0.0152130
7.06671	715.836	0.0175362
7.07899	715.832	0.0166473
7.09538	715.832	0.0145073
7.11176	715.832	0.0165253
7.12815	715.832	0.0144539
7.14453	715.832	0.0131035
7.16091	715.832	0.0151596
7.17730	715.832	0.0154037
7.19368	715.832	0.0146561
7.21007	715.832	0.0127869
7.22645	715.832	0.0152168
7.24283	715.832	0.0142441
7.25922	715.832	0.0130997
7.27560	715.832	0.0135994
7.29199	715.832	0.0147209
7.30837	715.832	0.0144348
7.32475	715.832	0.0131950
7.34114	715.832	0.0131226
7.35752	715.832	0.0130272
7.37391	715.832	0.0139351
7.39029	715.832	0.0134926
7.40667	715.832	0.0117111
7.42306	715.832	0.0146790
7.43944	715.832	0.0142517
7.45583	715.832	0.0125275
7.47221	715.832	0.0113220
7.48859	715.832	0.0129623
7.50498	715.832	0.0126381
7.52136	715.832	0.0125847
7.53774	715.832	0.0115662
7.55413	715.832	0.0116043
7.57051	715.832	0.0115776
7.58690	715.832	0.0119247
7.60328	715.832	0.0124168
7.61967	715.832	0.0109520
7.63605	715.832	0.0119057
7.65243	715.832	0.0107727
7.66882	715.832	0.0104828
7.68520	715.812	0.0126762
7.70159	715.812	0.0125465
7.71797	715.812	0.0119324
7.74255	715.812	0.0113144
7.77531	715.812	0.0110092
7.80808	715.812	0.0120506
7.84085	715.812	0.0116653
7.87362	715.812	0.0104179
7.90638	715.812	0.0113983
7.93915	715.812	0.0107880
7.97192	715.812	9.48715e-3
8.00469	715.812	0.0101509
8.03746	715.812	9.65881e-3
8.07023	715.812	0.0113220
8.10299	715.812	8.47244e-3
8.13576	715.812	0.0103874
8.16853	715.812	7.90405e-3
8.20130	715.812	7.75146e-3
8.23407	715.812	9.70459e-3
8.26683	715.812	8.60214e-3
8.29960	715.812	8.78525e-3
8.33237	715.812	9.92966e-3
8.36514	715.812	8.05283e-3
8.39791	715.812	9.16672e-3
8.43067	715.812	8.65936e-3
8.46344	715.812	9.07135e-3
8.49621	715.812	8.04901e-3
8.52898	715.812	9.42993e-3
8.56175	715.812	7.97272e-3
8.59451	715.812	7.78961e-3
8.62728	715.812	9.26208e-3
8.66005	715.812	7.57217e-3
8.69282	715.793	8.60596e-3
8.72559	715.793	6.32477e-3
8.75835	715.793	8.27789e-3
8.79112	715.793	9.76944e-3
8.82389	715.793	7.38144e-3
8.85666	715.793	7.11823e-3
8.88943	715.812	8.74710e-3
8.92219	715.812	7.37381e-3
8.95496	715.812	8.79288e-3
8.98773	715.812	7.33185e-3
9.02050	715.812	7.97272e-3
9.06965	715.812	7.91550e-3
9.13519	715.812	8.86154e-3
9.20072	715.812	6.77490e-3
9.26626	715.812	9.29642e-3
9.33179	715.793	8.77762e-3
9.39733	715.793	9.81522e-3
9.46287	715.793	8.89969e-3
9.52840	715.812	7.68280e-3
9.59394	715.812	6.83975e-3
9.65947	715.812	7.95364e-3
9.72501	715.793	8.58688e-3
9.79055	715.793	8.44574e-3
9.85608	715.793	6.90460e-3
9.92162	715.812	8.31604e-3
9.98715	715.812	8.49915e-3
10.0527	715.812	8.88443e-3
10.1182	715.793	6.51932e-3
10.1838	715.793	6.59943e-3
10.2493	715.793	5.14984e-3
10.3148	715.793	6.10733e-3
10.3804	715.793	6.48117e-3
10.4459	715.793	7.39288e-3
10.5114	715.812	6.30188e-3
10.5770	715.812	5.34058e-3
10.6425	715.812	4.42505e-3
10.7080	715.793	6.23322e-3
10.7736	715.793	6.71387e-3
10.8391	715.793	6.85883e-3
10.9047	715.793	5.51987e-3
10.9702	715.793	7.03049e-3
11.0357	715.793	5.21469e-3
11.1013	715.816	6.99997e-3
11.1668	715.816	6.85883e-3
11.2323	715.816	7.16400e-3
11.2979	715.816	5.82886e-3
11.3634	715.816	4.96292e-3
11.4289	715.816	6.05011e-3
11.4945	715.812	6.16455e-3
11.5600	715.812	5.82123e-3
11.6256	715.812	7.08771e-3
11.7239	715.812	5.08118e-3
11.8549	715.793	5.64194e-3
11.9860	715.793	4.68445e-3
12.1171	715.793	4.86755e-3
12.2481	715.793	5.08499e-3
12.3792	715.793	8.60596e-3
12.5103	715.793	4.55856e-3
12.6414	715.793	4.82941e-3
12.7724	715.793	6.46973e-3
12.9035	715.793	3.84140e-3
13.0346	715.793	5.95093e-3
13.1656	715.793	5.03159e-3
13.2967	715.797	3.58200e-3
13.4278	715.797	5.84412e-3
13.5589	715.812	5.51987e-3
13.6899	715.797	5.34821e-3
13.8210	715.797	6.03485e-3
13.9521	715.793	5.93185e-3
14.0832	715.797	5.78308e-3
14.2142	715.797	5.90515e-3
14.3453	715.797	5.20706e-3
14.4764	715.797	5.51605e-3
14.6074	715.797	5.98145e-3
14.7385	715.816	4.60052e-3
14.8696	715.816	5.10406e-3
15.0007	715.793	5.80597e-3
15.1317	715.797	3.90625e-3
15.2628	715.797	2.75803e-3
15.3939	715.797	7.73239e-3
15.5249	715.797	4.00543e-3
15.6560	715.797	4.27628e-3
15.7871	715.793	6.75964e-3
15.9182	715.797	3.26538e-3
16.0492	715.797	7.22885e-3
16.1803	715.797	4.14276e-3
16.3114	715.793	4.10080e-3
16.4424	715.793	3.44086e-3
16.5735	715.793	2.58255e-3
16.7046	715.793	3.20816e-3
16.8357	715.793	4.26483e-3
17.0323	715.793	3.41415e-3
17.2944	715.793	2.57111e-3
17.5566	715.793	4.91714e-3
17.8187	715.797	4.60434e-3
18.0808	715.793	2.38800e-3
18.3430	715.793	4.76074e-3
18.6051	715.797	5.63431e-3
18.8673	715.801	-7.24792e-5
19.1294	715.793	1.21307e-3
19.3916	715.793	4.99344e-3
19.6537	715.793	3.00598e-3
19.9159	715.793	4.09317e-3
20.1780	715.793	1.61743e-3
20.4401	715.793	7.13730e-3
20.7023	715.793	3.83377e-3
20.9644	715.793	4.45557e-3
21.2266	715.793	4.86755e-3
21.4887	715.789	3.55148e-3
21.7509	715.789	5.62668e-3
22.0130	715.770	9.68933e-3
22.2752	715.797	3.02124e-3
22.5373	715.777	3.55148e-3
22.7994	715.773	5.17654e-3
23.0616	715.797	4.52805e-3
23.3237	715.797	3.76511e-3
23.5859	715.797	6.80542e-3
23.8480	715.797	4.89807e-3
24.1102	715.793	4.05121e-3
24.3723	715.777	5.55801e-3
24.6344	715.797	5.09262e-3
24.8966	715.797	2.78091e-3
25.1587	715.773	4.03595e-3
25.4209	715.773	5.28336e-3
25.6830	715.793	4.30298e-3
25.9452	715.793	3.47900e-3
26.2073	715.773	5.02396e-3
26.4695	715.793	2.91061e-3
26.7316	715.773	2.27737e-3
26.9937	715.773	7.64465e-3
27.2559	715.793	6.49261e-3
27.6491	715.793	-3.15857e-3
28.1734	715.793	2.94876e-3
28.6977	715.793	3.44467e-3
29.2220	715.793	2.76184e-3
29.7463	715.773	3.87955e-3
30.2705	715.793	3.20816e-3
30.7948	715.793	4.57764e-3
31.3191	715.793	3.26157e-3
31.8434	715.773	7.85065e-3
32.3677	715.773	2.31934e-3
32.8920	715.793	6.22940e-3
33.4163	715.770	3.55530e-3
33.9406	715.773	5.44739e-3
34.4648	715.777	4.81796e-3
34.9891	715.793	2.52914e-3
35.5134	715.797	4.57764e-3
36.0377	715.793	2.63977e-3
36.5620	715.793	5.14603e-3
37.0863	715.793	5.66483e-3
37.6106	715.770	3.94058e-3
38.1349	715.789	3.87573e-3
38.6592	715.793	3.70407e-3
39.1834	715.793	4.72641e-3
39.7077	715.770	3.60870e-3
40.2320	715.793	3.13187e-3
40.7563	715.793	5.13458e-3
41.2806	715.773	4.40216e-3
41.8049	715.777	4.63486e-3
42.3292	715.773	4.61197e-3
42.8535	715.793	3.63922e-3
43.3777	715.773	3.20816e-3
43.9020	715.793	3.13568e-3
44.4263	715.773	3.84521e-3
44.9506	715.797	4.69971e-3
45.4749	715.793	3.12042e-3
45.9992	715.793	5.76782e-3
46.5235	715.793	3.52478e-3
47.0478	715.793	1.45340e-3
47.5720	715.797	3.67737e-3
48.0963	715.797	2.25449e-3
48.8828	715.797	2.03705e-3
49.9313	715.797	3.67355e-3
50.9799	715.793	3.10516e-3
52.0285	715.793	4.09317e-3
53.0771	715.773	2.68173e-3
54.1256	715.773	3.51715e-3
55.1742	715.793	4.61578e-3
56.2228	715.793	1.93787e-3
57.2714	715.793	3.54385e-3
58.3200	715.793	1.33896e-3
59.3685	715.793	4.23431e-3
60.4171	715.773	3.61252e-3
61.4657	715.793	2.18201e-3
62.5143	715.793	1.84250e-3
63.5628	715.793	2.30789e-3
64.6114	715.793	4.28772e-3
65.6600	715.793	3.61252e-3
66.7086	715.793	2.84195e-3
67.7571	715.793	4.37546e-3
68.8057	715.793	4.87900e-3
69.8543	715.793	3.42178e-3
70.9029	715.793	2.77710e-3
71.9514	715.789	3.07083e-3
73.0000	715.793	3.64685e-3
74.0486	715.793	3.86429e-3
75.0972	715.797	2.10190e-3
76.1458	715.793	2.39563e-3
77.1943	715.793	3.43704e-3
78.2429	715.793	3.54385e-3
79.2915	715.793	3.36075e-3
80.3401	715.793	3.16238e-3
81.3886	715.793	3.65829e-3
82.4372	715.793	4.43268e-3
83.4858	715.773	4.18472e-3
84.5344	715.793	2.92969e-3
85.5829	715.773	3.61633e-3
86.6315	715.793	1.81198e-3
87.6801	715.773	3.57437e-3
88.7287	715.793	4.80652e-3
89.7772	715.793	3.23105e-3
91.3501	715.797	4.92859e-3
93.4473	715.793	5.45120e-3
95.5444	715.797	2.30408e-3
97.6416	715.797	3.98254e-3
99.7387	715.773	2.27356e-3
101.836	715.797	3.32260e-3
103.933	715.793	2.87247e-3
106.030	715.797	3.90625e-3
108.127	715.793	3.31116e-3
110.224	715.797	2.76566e-3
112.322	715.797	2.18582e-3
114.419	715.797	2.47574e-3
116.516	715.797	4.58527e-3
118.613	715.801	2.84958e-3
120.710	715.797	4.29153e-3
122.807	715.797	1.07956e-3
124.905	715.797	2.92587e-3
127.002	715.801	2.31934e-3
129.099	715.801	4.46320e-3
131.196	715.797	3.30353e-3
133.293	715.797	1.82724e-3
135.390	715.797	1.61362e-3
137.487	715.801	4.41360e-3
139.585	715.797	3.47900e-3
141.682	715.801	3.37219e-3
143.779	715.797	3.04794e-3
145.876	715.797	1.88065e-3
147.973	715.801	1.21307e-3
150.070	715.797	4.01688e-3
152.168	715.781	2.27737e-3
154.265	715.801	4.67682e-3
156.362	715.805	2.52914e-3
158.459	715.805	3.31116e-3
160.556	715.801	8.69751e-4
162.653	715.777	5.79834e-4
164.750	715.801	2.86865e-3
166.848	715.797	2.52533e-3
168.945	715.797	3.17383e-3
171.042	715.801	1.87302e-3
173.139	715.797	2.65503e-3
176.285	715.801	3.02887e-3
180.479	715.801	3.48282e-3
184.673	715.801	1.87683e-3
188.868	715.805	2.01797e-3
193.062	715.801	2.27737e-3
197.256	715.801	2.96783e-3
201.451	715.805	3.11661e-3
205.645	715.801	3.70789e-3
209.839	715.805	2.40326e-3
214.033	715.805	2.46429e-3
218.228	715.805	1.15204e-3
222.422	715.805	1.00327e-3
226.616	715.805	2.59781e-3
230.811	715.809	2.41852e-3
235.005	715.805	2.97546e-3
239.199	715.805	2.57492e-3
243.394	715.809	2.60925e-3
247.588	715.805	2.43378e-3
251.782	715.785	2.17056e-3
255.977	715.805	1.52206e-3
260.171	715.805	2.31171e-3
264.365	715.805	1.73569e-3
268.559	715.805	2.02942e-3
272.754	715.805	3.84140e-3
276.948	715.785	3.12042e-3
281.142	715.809	3.62396e-4
285.337	715.809	1.83487e-3
289.531	715.785	1.34659e-3
293.725	715.805	2.67410e-3
297.920	715.805	1.56403e-4
302.114	715.805	1.68228e-3