Time	Gap	Axial force
s	µm	N
0.00000	657.973	-1.06812e-4
5.44000e-4	657.973	-4.73022e-4
1.56800e-3	657.973	-1.28555e-3
2.59200e-3	657.973	-1.90353e-3
3.61600e-3	657.973	-2.20108e-3
4.64000e-3	657.973	-1.96838e-3
5.66400e-3	657.973	-1.31989e-3
6.68800e-3	657.973	-5.72205e-4
7.71200e-3	657.973	-1.52588e-4
8.73600e-3	657.973	1.90735e-4
9.76000e-3	657.973	5.11169e-4
0.0107840	657.973	7.89642e-4
0.0118080	657.973	1.45721e-3
0.0128320	657.934	2.77710e-3
0.0138560	657.934	3.97110e-3
0.0148800	657.934	3.65829e-3
0.0159040	657.934	1.97220e-3
0.0169280	657.934	3.81470e-6
0.0179520	657.934	-1.15585e-3
0.0189760	657.934	-9.65118e-4
0.0200000	657.934	4.69208e-4
0.0210240	657.934	1.89972e-3
0.0220480	657.934	2.18582e-3
0.0230720	657.934	9.88007e-4
0.0240960	657.934	-8.43048e-4
0.0251200	657.934	-1.81198e-3
0.0261440	657.934	-1.08337e-3
0.0271680	657.934	2.44141e-4
0.0281920	657.934	2.02179e-3
0.0292160	657.934	3.94821e-3
0.0302400	657.934	4.13513e-3
0.0312640	657.934	2.05994e-3
0.0322880	657.934	-7.32422e-4
0.0333120	657.934	-1.97983e-3
0.0343360	657.934	-1.17493e-3
0.0353600	657.934	1.13678e-3
0.0363840	657.852	3.98636e-3
0.0374080	657.852	6.16837e-3
0.0384320	657.852	5.40161e-3
0.0394560	657.852	1.70135e-3
0.0404800	657.852	-3.00980e-3
0.0420160	657.852	-3.69644e-3
0.0440640	657.852	3.04031e-3
0.0461120	657.852	-7.62939e-5
0.0481600	657.852	-7.01904e-4
0.0502080	657.852	3.71170e-3
0.0522560	657.852	5.75638e-3
0.0543040	657.852	3.04794e-3
0.0563520	657.852	-1.31989e-3
0.0584000	657.594	1.13678e-3
0.0604480	657.594	2.93350e-3
0.0624960	657.594	1.30844e-3
0.0645440	657.594	5.22614e-4
0.0665920	657.594	4.47083e-3
0.0686400	657.594	9.14764e-3
0.0706880	657.594	4.96674e-3
0.0727360	657.594	-1.38855e-3
0.0747840	657.594	2.03705e-3
0.0768320	657.594	5.92804e-3
0.0788800	657.594	2.30789e-3
0.0809280	657.594	1.99890e-3
0.0829760	657.594	6.66046e-3
0.0850240	657.473	7.51877e-3
0.0870720	657.473	3.80707e-3
0.0891200	657.473	1.01852e-3
0.0911680	657.473	7.20978e-3
0.0932160	657.473	9.79233e-3
0.0952640	657.473	2.10953e-3
0.0973120	657.273	-3.19290e-3
0.0993600	657.273	3.57437e-3
0.101408	657.273	5.55801e-3
0.103456	657.273	1.87302e-3
0.105504	657.273	3.97110e-3
0.107552	657.273	8.32748e-3
0.109600	657.273	5.40161e-3
0.111648	657.273	1.32370e-3
0.113696	657.273	4.94766e-3
0.115744	657.273	5.66101e-3
0.117792	657.273	5.90134e-3
0.119840	657.273	7.06863e-3
0.121888	656.973	3.64685e-3
0.124960	656.973	0.0121651
0.129056	656.973	2.68936e-3
0.133152	656.832	0.0101051
0.137248	656.832	6.42014e-3
0.141344	656.832	8.01849e-3
0.145440	656.832	5.69153e-3
0.149536	656.832	0.0104446
0.153632	656.832	-5.34058e-5
0.157728	656.832	0.0106621
0.161824	656.633	4.28391e-3
0.165920	656.633	0.0109291
0.170016	656.633	5.88226e-3
0.174112	656.633	7.59125e-3
0.178208	656.293	0.0128670
0.182304	656.293	6.68335e-3
0.186400	656.293	0.0113564
0.190496	656.293	9.54437e-3
0.194592	656.293	7.20215e-3
0.198688	656.293	0.0127487
0.202784	656.293	5.91660e-3
0.206880	656.152	8.76617e-3
0.210976	656.152	0.0113487
0.215072	656.152	5.14984e-3
0.219168	655.992	0.0129280
0.223264	655.992	4.74548e-3
0.227360	655.992	0.0103607
0.231456	655.992	0.0105896
0.235552	655.992	0.0126457
0.239648	655.992	0.0105286
0.243744	655.734	0.0100670
0.247840	655.734	8.54111e-3
0.251936	655.734	0.0148888
0.256032	655.512	0.0105629
0.260128	655.512	9.47189e-3
0.264224	655.512	0.0156326
0.268320	655.512	5.34821e-3
0.272416	655.512	0.0129166
0.276512	655.512	0.0122871
0.280608	655.512	8.33511e-3
0.284704	655.375	0.0123787
0.290848	655.156	0.0127449
0.299040	655.156	9.20486e-3
0.307232	655.156	0.0105476
0.315424	654.855	0.0160789
0.323616	654.855	0.0130692
0.331808	654.855	0.0116730
0.340000	654.656	0.0138741
0.348192	654.656	0.0124321
0.356384	654.555	0.0161095
0.364576	654.555	0.0148239
0.372768	654.297	0.0117760
0.380960	654.297	0.0136566
0.389152	654.094	0.0131226
0.397344	654.094	0.0202370
0.405536	653.875	0.0172195
0.413728	653.875	0.0146332
0.421920	653.773	0.0146370
0.430112	653.773	8.31223e-3
0.438304	653.773	0.0180779
0.446496	653.773	0.0188599
0.454688	653.477	0.0187721
0.462880	653.477	0.0162735
0.471072	653.273	0.0151558
0.479264	653.273	0.0238838
0.487456	653.215	0.0199776
0.495648	653.215	0.0181313
0.503840	652.934	0.0166168
0.512032	652.934	0.0127487
0.520224	652.934	0.0194168
0.528416	652.715	0.0185242
0.536608	652.715	0.0178413
0.544800	652.715	0.0162964
0.552992	652.715	0.0228920
0.561184	652.195	0.0201912
0.569376	652.195	0.0220490
0.577568	652.195	0.0173340
0.585760	652.156	0.0138130
0.593952	652.156	0.0179367
0.602144	651.855	0.0188942
0.610336	651.855	0.0243835
0.622624	651.855	0.0220146
0.639008	651.633	0.0148735
0.655392	651.516	0.0183105
0.671776	651.156	0.0179558
0.688160	651.094	0.0214920
0.704544	650.859	0.0216599
0.720928	650.859	0.0202446
0.737312	650.656	0.0239487
0.753696	650.379	0.0208015
0.770080	650.359	0.0221672
0.786464	650.359	0.0246849
0.802848	649.879	0.0250206
0.819232	649.637	0.0227737
0.835616	649.637	0.0169601
0.852000	649.418	0.0210266
0.868384	649.359	0.0246925
0.884768	649.137	0.0213280
0.901152	648.855	0.0260582
0.917536	648.855	0.0214424
0.933920	648.656	0.0264816
0.950304	648.375	0.0216789
0.966688	648.297	0.0228119
0.983072	648.094	0.0292015
0.999456	647.875	0.0261688
1.01584	647.875	0.0263748
1.03222	647.594	0.0330887
1.04861	647.414	0.0239105
1.06499	647.156	0.0296593
1.08138	647.074	0.0322151
1.09776	647.074	0.0241394
1.11414	646.855	0.0292168
1.13053	646.574	0.0333824
1.14691	646.355	0.0278282
1.16330	646.094	0.0281563
1.17968	646.055	0.0287819
1.19606	646.055	0.0296974
1.21245	645.797	0.0257034
1.22883	645.516	0.0248413
1.24522	645.414	0.0254936
1.26160	645.234	0.0251923
1.28618	644.996	0.0286903
1.31894	644.656	0.0258751
1.35171	644.156	0.0322456
1.38448	643.914	0.0337753
1.41725	643.637	0.0183029
1.45002	643.094	0.0381165
1.48278	643.074	0.0273514
1.51555	642.516	0.0282440
1.54832	642.215	0.0315857
1.58109	641.934	0.0206223
1.61386	641.656	0.0297813
1.64662	641.375	0.0264282
1.67939	640.836	0.0291595
1.71216	640.777	0.0298538
1.74493	640.477	0.0282059
1.77770	639.875	0.0315361
1.81046	639.637	0.0298080
1.84323	639.297	0.0240402
1.87600	639.016	0.0363579
1.90877	638.477	0.0279198
1.94154	638.414	0.0376320
1.97430	638.195	0.0310287
2.00707	637.734	0.0346413
2.03984	637.234	0.0352745
2.07261	636.996	0.0306664
2.10538	636.637	0.0383224
2.13814	636.355	0.0343704
2.17091	635.977	0.0332870
2.20368	635.797	0.0320969
2.23645	635.355	0.0269623
2.26922	635.016	0.0302353
2.30198	634.738	0.0308838
2.33475	634.375	0.0273399
2.36752	634.078	0.0291481
2.40029	633.719	0.0310974
2.43306	633.277	0.0290947
2.46582	633.219	0.0349884
2.49859	632.859	0.0389671
2.53136	632.359	0.0320587
2.56413	632.156	0.0349541
2.61328	631.598	0.0334091
2.67882	630.777	0.0308800
2.74435	630.277	0.0339546
2.80989	629.578	0.0357285
2.87542	628.797	0.0343399
2.94096	628.156	0.0312462
3.00650	627.555	0.0367508
3.07203	626.996	0.0394592
3.13757	626.297	0.0358887
3.20310	625.637	0.0362282
3.26864	625.137	0.0387802
3.33418	624.277	0.0299873
3.39971	623.656	0.0362740
3.46525	623.156	0.0331230
3.53078	622.477	0.0375481
3.59632	621.934	0.0397873
3.66186	621.016	0.0356903
3.72739	620.516	0.0346565
3.79293	619.836	0.0404129
3.85846	619.074	0.0386581
3.92400	618.434	0.0381889
3.98954	617.914	0.0349655
4.05507	617.195	0.0417137
4.12061	616.477	0.0432434
4.18614	615.918	0.0340614
4.25168	615.277	0.0410690
4.31722	614.477	0.0328865
4.38275	613.914	0.0388031
4.44829	613.359	0.0377274
4.51382	612.359	0.0333214
4.57936	611.738	0.0402832
4.64490	611.219	0.0386581
4.71043	610.656	0.0389938
4.77597	609.797	0.0390358
4.84150	609.297	0.0383224
4.90704	608.734	0.0394363
4.97258	608.074	0.0380363
5.03811	607.297	0.0402031
5.10365	606.734	0.0434952
5.16918	606.074	0.0428352
5.26749	604.656	0.0380707
5.39856	603.516	0.0373230
5.52963	602.074	0.0385056
5.66070	600.594	0.0422211
5.79178	599.434	0.0426102
6.49437	597.652	0.0204201
6.49492	597.652	0.0206108
6.49594	597.652	0.0212288
6.49696	597.652	0.0219078
6.49799	597.652	0.0215530
6.49901	597.652	0.0209541
6.50004	597.652	0.0206490
6.50106	597.652	0.0205765
6.50208	597.652	0.0208702
6.50311	597.652	0.0215340
6.50413	597.652	0.0222092
6.50516	597.652	0.0223503
6.50618	597.652	0.0219002
6.50720	597.652	0.0213318
6.50823	597.652	0.0207939
6.50925	597.652	0.0203171
6.51028	597.652	0.0204353
6.51130	597.652	0.0208244
6.51232	597.652	0.0208740
6.51335	597.652	0.0205460
6.51437	597.652	0.0202904
6.51540	597.652	0.0204926
6.51642	597.652	0.0208130
6.51744	597.652	0.0212135
6.51847	597.652	0.0217857
6.51949	597.652	0.0220566
6.52052	597.652	0.0216789
6.52154	597.652	0.0210648
6.52256	597.652	0.0204201
6.52359	597.652	0.0198402
6.52461	597.652	0.0196304
6.52564	597.652	0.0200157
6.52666	597.652	0.0207863
6.52768	597.652	0.0214462
6.52871	597.652	0.0215263
6.52973	597.652	0.0211945
6.53076	597.652	0.0205383
6.53178	597.652	0.0200462
6.53280	597.652	0.0201340
6.53383	597.652	0.0206909
6.53485	597.652	0.0212135
6.53639	597.652	0.0216713
6.53844	597.652	0.0213852
6.54048	597.652	0.0206413
6.54253	597.652	0.0204315
6.54458	597.652	0.0207977
6.54663	597.652	0.0210228
6.54868	597.652	0.0207367
6.55072	597.652	0.0196571
6.55277	597.652	0.0205078
6.55482	597.652	0.0208473
6.55687	597.652	0.0199165
6.55892	597.652	0.0195274
6.56096	597.652	0.0203972
6.56301	597.652	0.0207214
6.56506	597.652	0.0207939
6.56711	597.652	0.0201378
6.56916	597.652	0.0204430
6.57120	597.652	0.0209846
6.57325	597.652	0.0202484
6.57530	597.652	0.0199280
6.57735	597.652	0.0203133
6.57940	597.652	0.0210571
6.58144	597.652	0.0199203
6.58349	597.652	0.0194626
6.58554	597.652	0.0198135
6.58759	597.652	0.0201416
6.58964	597.652	0.0196877
6.59168	597.652	0.0180779
6.59373	597.652	0.0181313
6.59578	597.652	0.0196075
6.59783	597.652	0.0196457
6.59988	597.652	0.0185814
6.60192	597.652	0.0186272
6.60397	597.652	0.0190506
6.60602	597.652	0.0189400
6.60807	597.652	0.0183411
6.61012	597.652	0.0179443
6.61216	597.652	0.0187798
6.61421	597.652	0.0192604
6.61626	597.652	0.0191345
6.61933	597.652	0.0203133
6.62343	597.652	0.0202675
6.62752	597.652	0.0200539
6.63162	597.652	0.0205994
6.63572	597.652	0.0205078
6.63981	597.652	0.0189095
6.64391	597.652	0.0190697
6.64800	597.652	0.0174675
6.65210	597.652	0.0180435
6.65620	597.652	0.0171432
6.66029	597.652	0.0167694
6.66439	597.652	0.0177155
6.66848	597.652	0.0177193
6.67258	597.652	0.0183296
6.67668	597.656	0.0182877
6.68077	597.656	0.0200729
6.68487	597.656	0.0186653
6.68896	597.656	0.0186119
6.69306	597.656	0.0173187
6.69716	597.656	0.0184402
6.70125	597.656	0.0158157
6.70535	597.656	0.0175591
6.70944	597.656	0.0171356
6.71354	597.656	0.0164299
6.71764	597.656	0.0166473
6.72173	597.656	0.0166130
6.72583	597.656	0.0172462
6.72992	597.656	0.0177002
6.73402	597.656	0.0171585
6.73812	597.656	0.0200920
6.74221	597.656	0.0166435
6.74631	597.656	0.0200844
6.75040	597.656	0.0169792
6.75450	597.656	0.0185242
6.75860	597.656	0.0160103
6.76269	597.656	0.0169067
6.76679	597.656	0.0153656
6.77088	597.656	0.0168076
6.77498	597.656	0.0161285
6.77908	597.656	0.0175972
6.78522	597.656	0.0173416
6.79341	597.656	0.0180550
6.80160	597.656	0.0165596
6.80980	597.656	0.0177994
6.81799	597.656	0.0165825
6.82618	597.656	0.0162582
6.83437	597.656	0.0179214
6.84256	597.656	0.0183678
6.85076	597.656	0.0185699
6.85895	597.656	0.0167618
6.86714	597.656	0.0168724
6.87533	597.656	0.0178299
6.88352	597.656	0.0154305
6.89172	597.656	0.0175591
6.89991	597.656	0.0172615
6.90810	597.656	0.0172081
6.91629	597.656	0.0162277
6.92448	597.656	0.0154533
6.93268	597.656	0.0152817
6.94087	597.656	0.0145302
6.94906	597.656	0.0171623
6.95725	597.656	0.0151367
6.96544	597.656	0.0149803
6.97364	597.656	0.0139122
6.98183	597.656	0.0146217
6.99002	597.656	0.0146637
6.99821	597.656	0.0143318
7.00640	597.656	0.0156784
7.01460	597.656	0.0150375
7.02279	597.656	0.0139542
7.03098	597.656	0.0129852
7.03917	597.656	0.0139503
7.04736	597.656	0.0135612
7.05556	597.656	0.0150604
7.06375	597.656	0.0140038
7.07194	597.656	0.0150681
7.08013	597.656	0.0145111
7.08832	597.656	0.0158615
7.09652	597.656	0.0144997
7.10471	597.656	0.0134697
7.11700	597.656	0.0146370
7.13338	597.656	0.0144920
7.14976	597.656	0.0137329
7.16615	597.656	0.0146141
7.18253	597.656	0.0142632
7.19892	597.656	0.0129662
7.21530	597.656	0.0153389
7.23168	597.656	0.0128593
7.24807	597.656	0.0138741
7.26445	597.656	0.0148506
7.28084	597.637	0.0134087
7.29722	597.637	0.0141869
7.31360	597.637	0.0135651
7.32999	597.637	0.0142097
7.34637	597.637	0.0129395
7.36276	597.637	0.0128708
7.37914	597.637	0.0128212
7.39552	597.637	0.0122833
7.41191	597.637	0.0103188
7.42829	597.637	0.0122223
7.44468	597.637	0.0127144
7.46106	597.637	0.0113945
7.47744	597.633	0.0111809
7.49383	597.633	0.0118217
7.51021	597.633	0.0106697
7.52660	597.633	0.0108490
7.54298	597.633	0.0122948
7.55936	597.633	0.0104828
7.57575	597.633	9.63974e-3
7.59213	597.633	9.52148e-3
7.60852	597.633	0.0107346
7.62490	597.633	9.56345e-3
7.64128	597.633	0.0110397
7.65767	597.633	0.0106659
7.67405	597.633	9.85336e-3
7.69044	597.633	9.52530e-3
7.70682	597.633	0.0105820
7.72320	597.633	0.0116043
7.73959	597.633	0.0105133
7.75597	597.633	0.0120201
7.78055	597.633	8.97598e-3
7.81332	597.633	9.88770e-3
7.84608	597.633	9.48715e-3
7.87885	597.637	9.25827e-3
7.91162	597.637	8.23975e-3
7.94439	597.637	7.88498e-3
7.97716	597.637	9.83810e-3
8.00992	597.637	8.18634e-3
8.04269	597.637	8.28934e-3
8.07546	597.594	7.22122e-3
8.10823	597.594	7.65991e-3
8.14100	597.594	8.17871e-3
8.17376	597.594	7.49588e-3
8.20653	597.594	7.92694e-3
8.23930	597.594	8.47244e-3
8.27207	597.637	8.70514e-3
8.30484	597.637	7.49207e-3
8.33760	597.637	5.67245e-3
8.37037	597.637	9.15909e-3
8.40314	597.637	7.71713e-3
8.43591	597.637	6.95419e-3
8.46868	597.637	8.28171e-3
8.50144	597.637	7.25555e-3
8.53421	597.637	8.67081e-3
8.56698	597.637	6.88171e-3
8.59975	597.637	7.10678e-3
8.63252	597.637	7.73621e-3
8.66528	597.637	7.99942e-3
8.69805	597.598	7.54929e-3
8.73082	597.598	6.91605e-3
8.76359	597.598	7.64084e-3
8.79636	597.598	7.93457e-3
8.82912	597.598	7.61032e-3
8.86189	597.598	6.61850e-3
8.89466	597.598	7.06100e-3
8.92743	597.598	8.38852e-3
8.96020	597.598	5.41306e-3
8.99296	597.598	7.16019e-3
9.02573	597.598	7.61795e-3
9.05850	597.598	6.84357e-3
9.10765	597.637	5.43594e-3
9.17319	597.637	7.61795e-3
9.23872	597.637	6.05011e-3
9.30426	597.598	7.02667e-3
9.36980	597.598	5.52750e-3
9.43533	597.598	6.27136e-3
9.50087	597.598	4.85229e-3
9.56640	597.598	5.07736e-3
9.63194	597.598	3.31497e-3
9.69748	597.598	4.82941e-3
9.76301	597.598	4.86755e-3
9.82855	597.598	5.48553e-3
9.89408	597.598	4.67300e-3
9.95962	597.598	6.40488e-3
10.0252	597.598	3.83759e-3
10.0907	597.598	4.69589e-3
10.1562	597.598	4.41742e-3
10.2218	597.598	4.87137e-3
10.2873	597.598	3.78036e-3
10.3528	597.598	5.64194e-3
10.4184	597.598	4.16183e-3
10.4839	597.598	4.80652e-3
10.5494	597.598	3.65067e-3
10.6150	597.598	3.68881e-3
10.6805	597.578	4.58145e-3
10.7461	597.578	6.45828e-3
10.8116	597.578	5.66483e-3
10.8771	597.578	3.79562e-3
10.9427	597.578	5.10025e-3
11.0082	597.578	2.95258e-3
11.0737	597.578	4.65393e-3
11.1393	597.578	5.16510e-3
11.2048	597.578	4.46320e-3
11.2703	597.598	2.96402e-3
11.3359	597.598	3.24631e-3
11.4014	597.598	2.53296e-3
11.4669	597.582	3.93295e-3
11.5325	597.582	3.55911e-3
11.5980	597.582	3.12042e-3
11.6636	597.582	1.41144e-3
11.7619	597.598	4.07410e-3
11.8929	597.578	4.50134e-3
12.0240	597.578	3.74222e-3
12.1551	597.578	4.04358e-3
12.2861	597.578	4.08936e-3
12.4172	597.578	3.46375e-3
12.5483	597.578	5.02777e-3
12.6794	597.578	3.75748e-3
12.8104	597.578	3.82233e-3
12.9415	597.578	4.04739e-3
13.0726	597.578	2.55585e-3
13.2037	597.578	2.87628e-3
13.3347	597.578	2.75421e-3
13.4658	597.578	4.77982e-3
13.5969	597.578	1.84631e-3
13.7279	597.578	2.01416e-3
13.8590	597.582	3.52859e-3
13.9901	597.582	2.90680e-3
14.1212	597.578	4.18091e-3
14.2522	597.578	4.37927e-3
14.3833	597.578	6.05011e-3
14.5144	597.578	4.34494e-3
14.6454	597.578	2.71988e-3
14.7765	597.578	5.31387e-3
14.9076	597.578	2.70081e-3
15.0387	597.578	4.40216e-3
15.1697	597.578	4.16946e-3
15.3008	597.578	2.12860e-3
15.4319	597.578	5.24902e-3
15.5629	597.582	3.76129e-3
15.6940	597.582	2.39563e-3
15.8251	597.582	4.22668e-3
15.9562	597.578	4.68445e-3
16.0872	597.582	2.73132e-3
16.2183	597.582	2.99835e-3
16.3494	597.582	3.68118e-3
16.4805	597.582	4.20761e-3
16.6115	597.582	-6.83594e-3
16.7426	597.563	7.62939e-3
16.8737	597.563	3.04794e-3
17.0703	597.559	8.56018e-3
17.3324	597.559	4.02069e-3
17.5946	597.563	5.40543e-3
17.8567	597.563	4.43649e-3
18.1189	597.520	2.01416e-3
18.3810	597.563	3.89481e-3
18.6431	597.563	3.54004e-3
18.9053	597.563	3.32642e-3
19.1674	597.523	2.93350e-3
19.4296	597.523	4.23050e-3
19.6917	597.523	2.89154e-3
19.9539	597.523	-2.78091e-3
20.2160	597.563	-1.60599e-3
20.4781	597.563	6.30188e-3
20.7403	597.563	4.43649e-3
21.0024	597.520	2.62451e-3
21.2646	597.523	2.89154e-3
21.5267	597.523	2.91824e-3
21.7889	597.523	2.74658e-3
22.0510	597.523	4.17328e-3
22.3132	597.523	3.28445e-3
22.5753	597.563	2.36511e-3
22.8374	597.563	1.13678e-3
23.0996	597.527	3.87192e-3
23.3617	597.566	-1.99890e-3
23.6239	597.523	2.33078e-3
23.8860	597.566	6.48117e-3
24.1482	597.527	1.41525e-3
24.4103	597.527	-2.38037e-3
24.6725	597.566	5.19943e-3
24.9346	597.527	2.90680e-3
25.1967	597.566	2.76184e-3
25.4589	597.566	1.90735e-3
25.7210	597.527	3.69263e-3
25.9832	597.523	3.56674e-3
26.2453	597.527	2.79236e-3
26.5075	597.523	3.34930e-3
26.7696	597.566	3.37219e-3
27.0317	597.527	2.35367e-3
27.2939	597.527	3.29208e-3
27.6871	597.527	4.39072e-3
28.2114	597.531	2.11334e-3
28.7357	597.527	1.89590e-3
29.2600	597.527	2.23923e-3
29.7843	597.527	1.11771e-3
30.3085	597.531	3.66211e-3
30.8328	597.531	2.76566e-3
31.3571	597.527	3.03268e-3
31.8814	597.527	3.12424e-3
32.4057	597.531	1.66321e-3
32.9300	597.531	3.36456e-3
33.4543	597.531	1.15967e-3
33.9786	597.535	2.41470e-3
34.5029	597.535	2.12479e-3
35.0271	597.535	2.73895e-3
35.5514	597.535	3.35693e-3
36.0757	597.535	1.16348e-3
36.6000	597.535	2.96783e-3
37.1243	597.535	2.01416e-3
37.6486	597.531	4.68445e-3
38.1729	597.535	2.65884e-3
38.6972	597.535	1.64413e-3
39.2214	597.531	3.95966e-3
39.7457	597.535	3.21579e-3
40.2700	597.535	4.03976e-3
40.7943	597.535	2.83432e-3
41.3186	597.535	3.89481e-3
41.8429	597.535	1.86539e-3
42.3672	597.531	3.35312e-3
42.8915	597.535	2.53296e-3
43.4157	597.535	1.40762e-3
43.9400	597.535	3.32260e-3
44.4643	597.539	1.45721e-3
44.9886	597.535	3.34549e-3
45.5129	597.539	2.88010e-3
46.0372	597.539	1.41525e-3
46.5615	597.535	2.49863e-3
47.0858	597.539	1.89972e-3
47.6101	597.539	3.47137e-3
48.1343	597.539	2.59399e-3
48.9208	597.539	3.68881e-3
49.9693	597.539	3.58200e-3
51.0179	597.543	1.76620e-3
52.0665	597.543	1.37329e-3
53.1151	597.543	1.88065e-3
54.1637	597.543	1.57928e-3
55.2122	597.543	1.40381e-3
56.2608	597.547	1.71661e-3
57.3094	597.547	3.40652e-3
58.3580	597.547	2.27356e-3
59.4065	597.547	6.56128e-4
60.4551	597.551	1.64032e-3
61.5037	597.551	1.38474e-3
62.5523	597.547	1.59454e-3
63.6008	597.551	3.23486e-3
64.6494	597.551	2.36130e-3
65.6980	597.555	1.27029e-3
66.7466	597.555	1.82724e-3
67.7951	597.551	2.59018e-3
68.8437	597.551	1.14822e-3
69.8923	597.555	2.95639e-3
70.9409	597.559	3.21579e-3
71.9894	597.559	2.46048e-3
73.0380	597.559	2.57874e-3
74.0866	597.539	1.65558e-3
75.1352	597.559	1.16348e-3
76.1837	597.559	2.47955e-3
77.2323	597.563	3.25775e-3
78.2809	597.543	1.75858e-3
79.3295	597.539	2.83813e-3
80.3781	597.543	1.59454e-3
81.4266	597.563	7.47681e-4
82.4752	597.566	1.86539e-3
83.5238	597.547	3.05939e-3
84.5724	597.543	4.42505e-3
85.6209	597.547	3.34549e-3
86.6695	597.547	2.97165e-3
87.7181	597.523	1.11389e-3
88.7667	597.547	2.63977e-3
89.8152	597.527	3.12424e-3
91.3881	597.531	1.99509e-3
93.4853	597.551	1.67465e-3
95.5824	597.570	1.98746e-3
97.6796	597.555	4.35638e-3
99.7767	597.555	3.08990e-3
101.874	597.555	2.51007e-3
103.971	597.535	3.25394e-3
106.068	597.555	1.93024e-3
108.165	597.563	2.21634e-3
110.262	597.563	2.49863e-3
112.360	597.547	2.70081e-3
114.457	597.563	1.58691e-3
116.554	597.547	3.31116e-3
118.651	597.547	3.35312e-3
120.748	597.551	3.24249e-3
122.845	597.547	2.58255e-3
124.943	597.551	3.44086e-3
127.040	597.555	2.42233e-3
129.137	597.555	1.48773e-3
131.234	597.559	2.37656e-3
133.331	597.555	1.15967e-3
135.428	597.559	1.97601e-3
137.525	597.559	3.14331e-3
139.623	597.559	1.82343e-3
141.720	597.559	1.33133e-3
143.817	597.563	4.00543e-3
145.914	597.563	1.31607e-3
148.011	597.566	1.53351e-3
150.108	597.566	2.41089e-3
152.206	597.527	1.30081e-3
154.303	597.527	5.37872e-4
156.400	597.570	2.13242e-3
158.497	597.570	1.58310e-3
160.594	597.531	4.34875e-4
162.691	597.535	2.61688e-3
164.788	597.535	3.20816e-3
166.886	597.539	2.03705e-3
168.983	597.539	2.36893e-3
171.080	597.539	4.16183e-3
173.177	597.539	6.52313e-4
176.323	597.543	2.43759e-3
180.517	597.543	1.38474e-3
184.711	597.547	1.42670e-3
188.906	597.551	3.30734e-3
193.100	597.555	1.83487e-3
197.294	597.555	3.25775e-3
201.489	597.559	2.46048e-3
205.683	597.563	2.07901e-3
209.877	597.563	2.56729e-3
214.071	597.563	1.54877e-3
218.266	597.570	1.13678e-3
222.460	597.570	2.51007e-3
226.654	597.574	7.01904e-4
230.849	597.574	4.36020e-3
235.043	597.578	1.88446e-3
239.237	597.578	1.62888e-3
243.432	597.582	4.03595e-3
247.626	597.582	3.18527e-3
251.820	597.590	3.31116e-3
256.015	597.590	1.95694e-3
260.209	597.590	1.28937e-3
264.403	597.594	8.39233e-4
268.597	597.594	2.93732e-3
272.792	597.602	1.86920e-3
276.986	597.602	2.58636e-3
281.180	597.602	1.28937e-3
285.375	597.590	2.68936e-3
289.569	597.586	2.34604e-3
293.763	597.613	1.21307e-3
297.958	597.594	1.78146e-3
302.152	597.613	6.21796e-4