Time	Gap	Axial force
s	µm	N
7.59506e-10	849.801	1.85013e-3
5.44012e-4	849.801	3.36456e-3
1.56799e-3	849.801	6.00433e-3
2.59200e-3	849.801	7.36618e-3
3.61601e-3	849.801	4.72260e-3
4.64001e-3	849.801	-1.33133e-3
5.66399e-3	849.801	-6.18362e-3
6.68800e-3	849.801	-6.51932e-3
7.71201e-3	849.801	-2.81906e-3
8.73602e-3	849.801	1.80817e-3
9.75999e-3	849.801	4.08936e-3
0.0107840	849.801	3.51334e-3
0.0118080	849.801	1.06812e-3
0.0128320	849.801	-1.49918e-3
0.0138560	849.801	-1.18256e-3
0.0148800	849.801	1.39236e-3
0.0159040	849.801	3.42178e-3
0.0169280	849.801	3.36456e-3
0.0179520	849.801	1.32751e-3
0.0189760	849.801	-1.10245e-3
0.0200000	849.801	-2.59018e-3
0.0210240	849.801	-2.38037e-3
0.0220480	849.801	-1.12534e-3
0.0230720	849.801	2.47955e-4
0.0240960	849.801	9.95636e-4
0.0251200	849.582	7.82013e-4
0.0261440	849.582	-2.47955e-4
0.0271680	849.582	-8.77380e-4
0.0281920	849.582	5.72205e-4
0.0292160	849.582	3.47519e-3
0.0302400	849.582	5.38635e-3
0.0312640	849.582	4.35257e-3
0.0322880	849.582	3.66211e-4
0.0333120	849.582	-3.27301e-3
0.0343360	849.582	-3.68500e-3
0.0353600	849.582	-5.98907e-4
0.0363840	849.582	3.93295e-3
0.0374080	849.582	7.54166e-3
0.0384320	849.582	7.49588e-3
0.0394560	849.582	3.09753e-3
0.0404800	849.582	-2.54440e-3
0.0420160	849.301	-5.51987e-3
0.0440640	849.301	1.35040e-3
0.0461120	849.301	1.48773e-3
0.0481600	849.301	-1.86920e-3
0.0502080	849.301	1.01089e-3
0.0522560	849.301	3.21960e-3
0.0543040	849.301	-7.47681e-4
0.0563520	849.301	-2.35748e-3
0.0584000	849.301	4.53949e-4
0.0604480	849.301	1.31607e-3
0.0624960	849.301	1.34277e-3
0.0645440	849.301	4.57001e-3
0.0665920	849.301	1.58310e-3
0.0686400	849.301	-2.81143e-3
0.0706880	849.301	1.41525e-3
0.0727360	849.242	7.46536e-3
0.0747840	849.242	7.36237e-4
0.0768320	849.242	-6.73676e-3
0.0788800	849.242	-7.05719e-4
0.0809280	849.242	1.31989e-3
0.0829760	849.242	-7.97272e-4
0.0850240	849.242	1.99127e-3
0.0870720	849.242	4.79507e-3
0.0891200	849.242	1.85013e-3
0.0911680	849.242	1.91116e-3
0.0932160	849.242	8.65936e-4
0.0952640	849.242	-2.97546e-3
0.0973120	848.941	-1.93787e-3
0.0993600	848.941	6.10352e-4
0.101408	848.941	9.68933e-4
0.103456	848.941	1.12152e-3
0.105504	848.941	8.88824e-4
0.107552	848.941	3.01743e-3
0.109600	848.941	5.68008e-3
0.111648	848.941	-6.52313e-4
0.113696	848.941	-5.14221e-3
0.115744	848.941	-1.15967e-3
0.117792	848.941	1.00708e-3
0.119840	848.941	4.46320e-4
0.121888	848.742	1.04523e-3
0.124960	848.742	2.95258e-3
0.129056	848.742	-1.03378e-3
0.133152	848.742	2.28882e-4
0.137248	848.543	3.42560e-3
0.141344	848.543	-6.40869e-4
0.145440	848.543	3.12805e-4
0.149536	848.543	2.26974e-3
0.153632	848.543	8.62122e-4
0.157728	848.242	7.40051e-4
0.161824	848.242	2.07901e-3
0.165920	848.242	-5.37872e-4
0.170016	848.043	1.25504e-3
0.174112	848.043	7.79343e-3
0.178208	848.043	-4.26865e-3
0.182304	848.043	2.71988e-3
0.186400	848.043	-7.74384e-4
0.190496	848.043	5.30243e-4
0.194592	847.863	3.47900e-3
0.198688	847.863	-5.76019e-4
0.202784	847.863	7.80487e-3
0.206880	847.863	-5.79071e-3
0.210976	847.863	2.63214e-3
0.215072	847.863	2.76184e-3
0.219168	847.723	1.48773e-3
0.223264	847.723	9.42230e-4
0.227360	847.723	-6.06537e-4
0.231456	847.723	4.85229e-3
0.235552	847.461	-1.25122e-3
0.239648	847.461	5.04303e-3
0.243744	847.461	-3.66211e-3
0.247840	847.461	1.31989e-3
0.251936	847.461	-2.67029e-5
0.256032	847.363	3.49426e-3
0.260128	847.363	-1.34659e-3
0.264224	847.363	2.49100e-3
0.268320	847.363	7.35855e-3
0.272416	847.363	-4.15039e-3
0.276512	847.363	2.82288e-3
0.280608	847.121	-1.80817e-3
0.284704	847.121	3.97873e-3
0.290848	846.801	3.91006e-3
0.299040	846.801	3.61633e-3
0.307232	846.742	4.26865e-3
0.315424	846.742	7.93457e-4
0.323616	846.742	-3.35693e-4
0.331808	846.742	1.42288e-3
0.340000	846.461	-4.66919e-3
0.348192	846.461	-1.58310e-3
0.356384	846.461	7.51495e-4
0.364576	846.320	8.49152e-3
0.372768	846.102	4.53568e-3
0.380960	846.102	3.03650e-3
0.389152	846.102	-1.27029e-3
0.397344	845.883	-4.82941e-3
0.405536	845.582	1.56403e-3
0.413728	845.582	2.18201e-3
0.421920	845.523	7.69043e-3
0.430112	845.523	4.08936e-3
0.438304	845.523	4.24957e-3
0.446496	845.242	4.81033e-3
0.454688	845.242	-1.30463e-3
0.462880	845.023	-6.90460e-4
0.471072	845.023	2.05231e-3
0.479264	845.023	5.00870e-3
0.487456	844.902	2.52151e-3
0.495648	844.902	5.50842e-3
0.503840	844.660	3.78418e-3
0.512032	844.660	7.86972e-3
0.520224	844.461	4.84848e-3
0.528416	844.461	1.07574e-3
0.536608	844.461	6.37054e-4
0.544800	844.320	-1.52588e-3
0.552992	844.320	5.15366e-3
0.561184	844.320	4.18091e-3
0.569376	844.102	0.0117073
0.577568	844.102	3.23868e-3
0.585760	843.820	5.79834e-4
0.593952	843.820	1.22070e-3
0.602144	843.742	-2.87247e-3
0.610336	843.742	4.73785e-3
0.622624	843.543	0.0102081
0.639008	843.543	1.57928e-3
0.655392	843.262	1.47629e-3
0.671776	843.082	3.90244e-3
0.688160	842.961	1.10626e-4
0.704544	842.742	6.10352e-3
0.720928	842.523	1.82724e-3
0.737312	842.301	2.29645e-3
0.753696	842.301	8.79288e-3
0.770080	842.160	2.73132e-3
0.786464	841.980	4.18091e-3
0.802848	841.762	-1.84250e-3
0.819232	841.523	4.59671e-3
0.835616	841.301	5.20325e-3
0.852000	841.301	4.16946e-3
0.868384	841.242	5.94330e-3
0.884768	840.883	4.82559e-3
0.901152	840.762	5.00488e-3
0.917536	840.582	3.22723e-3
0.933920	840.582	7.09534e-3
0.950304	840.363	3.80707e-3
0.966688	840.102	4.15421e-3
0.983072	839.902	1.81961e-3
0.999456	839.863	7.35474e-3
1.01584	839.863	0.0107040
1.03222	839.602	4.16183e-3
1.04861	839.383	1.43814e-3
1.06499	839.160	-2.04086e-3
1.08138	838.941	5.07736e-3
1.09776	838.941	4.02451e-3
1.11414	838.723	8.34274e-3
1.13053	838.664	8.36945e-3
1.14691	838.363	6.58798e-3
1.16330	838.223	-1.22070e-4
1.17968	838.223	5.76782e-3
1.19606	837.742	4.09317e-3
1.21245	837.742	8.31223e-3
1.22883	837.523	-1.41144e-4
1.24522	837.262	6.90079e-3
1.26160	837.262	5.66864e-3
1.28618	836.762	6.44302e-3
1.31894	836.543	0.0105591
1.35171	836.082	5.66483e-3
1.38448	835.961	6.75201e-3
1.41725	835.582	6.23322e-3
1.45002	835.102	7.08008e-3
1.48278	834.883	2.79236e-3
1.51555	834.602	3.74222e-3
1.54832	834.305	7.26318e-3
1.58109	833.941	0.0116501
1.61386	833.441	7.79343e-3
1.64662	833.383	0.0136261
1.67939	832.941	1.42288e-3
1.71216	832.465	6.72531e-3
1.74493	832.223	8.32748e-3
1.77770	831.965	0.0126724
1.81046	831.445	0.0105972
1.84323	831.383	6.27899e-3
1.87600	830.883	1.72043e-3
1.90877	830.465	9.24683e-3
1.94154	830.305	8.65173e-3
1.97430	829.883	8.48007e-3
2.00707	829.484	0.0128021
2.03984	829.305	1.10626e-3
2.07261	828.945	7.41577e-3
2.10538	828.742	8.68607e-3
2.13814	828.363	8.12149e-3
2.17091	827.863	6.32095e-3
2.20368	827.684	0.0101585
2.23645	827.305	6.80161e-3
2.26922	826.945	0.0140266
2.30198	826.625	5.24521e-3
2.33475	826.266	0.0129051
2.36752	825.945	0.0106544
2.40029	825.746	3.23105e-3
2.43306	825.324	0.0161667
2.46582	825.043	7.19833e-3
2.49859	824.727	0.0125618
2.53136	824.586	6.57272e-3
2.56413	824.086	0.0130386
2.61328	823.363	0.0129700
2.67882	822.684	0.0147896
2.74435	822.105	0.0158844
2.80989	821.305	0.0181961
2.87542	820.664	0.0115585
2.94096	820.105	0.0121460
3.00650	819.527	8.57544e-3
3.07203	818.965	0.0167313
3.13757	818.105	0.0199852
3.20310	817.387	0.0152550
3.26864	816.887	0.0171089
3.33418	816.105	0.0185471
3.39971	815.547	9.43756e-3
3.46525	814.824	0.0184517
3.53078	814.047	0.0179863
3.59632	813.523	0.0131111
3.66186	812.746	0.0209122
3.72739	812.184	0.0136795
3.79293	811.387	0.0192604
3.85846	810.824	0.0258942
3.92400	810.305	0.0220985
3.98954	809.527	0.0126190
4.05507	808.887	0.0243568
4.12061	808.164	0.0200081
4.18614	807.605	0.0307579
4.25168	806.984	0.0202637
4.31722	806.164	0.0228653
4.38275	805.547	0.0185852
4.44829	805.086	0.0277901
4.51382	804.125	0.0244217
4.57936	803.527	0.0270271
4.64490	802.945	0.0225105
4.71043	802.305	0.0286789
4.77597	801.605	0.0284195
4.84150	801.027	0.0228729
4.90704	800.445	0.0322533
5.41831	799.605	0.0247726
5.41885	799.605	0.0246124
5.41988	799.605	0.0244217
5.42090	799.605	0.0244255
5.42193	799.605	0.0243454
5.42295	799.605	0.0239716
5.42397	799.605	0.0234909
5.42500	799.605	0.0229721
5.42602	799.605	0.0227890
5.42705	799.605	0.0230522
5.42807	799.605	0.0234833
5.42909	799.605	0.0239868
5.43012	799.605	0.0245056
5.43114	799.605	0.0248299
5.43217	799.605	0.0246696
5.43319	799.605	0.0245705
5.43421	799.605	0.0244751
5.43524	799.605	0.0243988
5.43626	799.605	0.0240784
5.43729	799.605	0.0237427
5.43831	799.605	0.0236092
5.43933	799.605	0.0237465
5.44036	799.605	0.0236015
5.44138	799.605	0.0230255
5.44241	799.605	0.0226288
5.44343	799.605	0.0225868
5.44445	799.605	0.0228424
5.44548	799.605	0.0232964
5.44650	799.605	0.0240593
5.44753	799.605	0.0245934
5.44855	799.605	0.0247803
5.44957	799.605	0.0247993
5.45060	799.605	0.0247383
5.45162	799.605	0.0242424
5.45265	799.605	0.0236816
5.45367	799.605	0.0237465
5.45469	799.605	0.0242767
5.45572	799.605	0.0249519
5.45674	799.605	0.0251350
5.45777	799.605	0.0246162
5.45879	799.605	0.0239258
5.46033	799.605	0.0235977
5.46237	799.605	0.0239029
5.46442	799.605	0.0232086
5.46647	799.605	0.0235748
5.46852	799.605	0.0247612
5.47057	799.605	0.0251579
5.47261	799.605	0.0248070
5.47466	799.605	0.0251236
5.47671	799.605	0.0238075
5.47876	799.605	0.0235062
5.48081	799.605	0.0235367
5.48285	799.605	0.0240860
5.48490	799.605	0.0243263
5.48695	799.605	0.0245171
5.48900	799.605	0.0252838
5.49105	799.605	0.0247002
5.49309	799.605	0.0235748
5.49514	799.605	0.0234222
5.49719	799.605	0.0241814
5.49924	799.605	0.0226555
5.50129	799.605	0.0211372
5.50333	799.605	0.0224190
5.50538	799.605	0.0239983
5.50743	799.605	0.0242195
5.50948	799.605	0.0244102
5.51153	799.605	0.0246353
5.51357	799.605	0.0233650
5.51562	799.605	0.0206184
5.51767	799.605	0.0218468
5.51972	799.605	0.0243530
5.52177	799.605	0.0248184
5.52381	799.605	0.0238991
5.52586	799.605	0.0246391
5.52791	799.605	0.0260124
5.52996	799.605	0.0251656
5.53201	799.605	0.0232658
5.53405	799.605	0.0236053
5.53610	799.605	0.0231781
5.53815	799.605	0.0223236
5.54020	799.605	0.0230179
5.54327	799.605	0.0236206
5.54737	799.605	0.0240250
5.55146	799.605	0.0223122
5.55556	799.605	0.0228882
5.55965	799.605	0.0216713
5.56375	799.605	0.0247154
5.56785	799.605	0.0224037
5.57194	799.605	0.0222816
5.57604	799.605	0.0212936
5.58013	799.605	0.0233727
5.58423	799.605	0.0227928
5.58833	799.605	0.0237198
5.59242	799.605	0.0222473
5.59652	799.605	0.0234184
5.60061	799.605	0.0237846
5.60471	799.605	0.0228348
5.60881	799.605	0.0226593
5.61290	799.605	0.0215874
5.61700	799.605	0.0231323
5.62109	799.605	0.0229568
5.62519	799.605	0.0207367
5.62929	799.605	0.0222206
5.63338	799.605	0.0223045
5.63748	799.605	0.0246620
5.64157	799.605	0.0234642
5.64567	799.605	0.0220604
5.64977	799.605	0.0212517
5.65386	799.605	0.0236397
5.65796	799.605	0.0228691
5.66205	799.605	0.0220642
5.66615	799.605	0.0211220
5.67025	799.605	0.0223160
5.67434	799.605	0.0222549
5.67844	799.605	0.0227394
5.68253	799.605	0.0208626
5.68663	799.605	0.0222740
5.69073	799.605	0.0221710
5.69482	799.605	0.0225258
5.69892	799.605	0.0214424
5.70301	799.605	0.0213852
5.70916	799.605	0.0225296
5.71735	799.605	0.0206604
5.72554	799.605	0.0220337
5.73373	799.605	0.0207748
5.75012	799.605	0.0215416
5.75831	799.605	0.0206795
5.76650	799.605	0.0233650
5.77469	799.605	0.0207901
5.78289	799.605	0.0209770
5.79108	799.605	0.0212250
5.79927	799.605	0.0206909
5.80746	799.605	0.0215645
5.81565	799.605	0.0206985
5.82385	799.605	0.0219536
5.83204	799.605	0.0207367
5.84023	799.586	0.0205917
5.84842	799.586	0.0198250
5.85661	799.586	0.0210381
5.86481	799.586	0.0200043
5.87300	799.586	0.0202179
5.88119	799.586	0.0213165
5.88938	799.586	0.0187340
5.89757	799.586	0.0193939
5.91396	799.586	0.0195580
5.92215	799.586	0.0204659
5.93034	799.586	0.0198174
5.93853	799.586	0.0200920
5.94673	799.586	0.0200844
5.95492	799.586	0.0206718
5.96311	799.586	0.0186920
5.97130	799.586	0.0204811
5.97949	799.586	0.0189285
5.98769	799.586	0.0227280
5.99588	799.586	0.0206299
6.00407	799.586	0.0196228
6.01226	799.586	0.0210152
6.02045	799.586	0.0177765
6.02865	799.586	0.0218658
6.04093	799.586	0.0202484
6.05732	799.586	0.0197334
6.07370	799.586	0.0185280
6.09009	799.586	0.0191460
6.10647	799.586	0.0201187
6.12285	799.586	0.0195847
6.13924	799.586	0.0201416
6.15562	799.586	0.0208473
6.17201	799.586	0.0201912
6.18839	799.586	0.0202713
6.20477	799.586	0.0190048
6.22116	799.586	0.0177422
6.23754	799.586	0.0190811
6.25393	799.586	0.0209885
6.27031	799.586	0.0205383
6.28669	799.586	0.0204163
6.30308	799.586	0.0192871
6.31946	799.586	0.0183296
6.33585	799.586	0.0173416
6.35223	799.586	0.0186806
6.36861	799.586	0.0183945
6.38500	799.586	0.0192642
6.40138	799.586	0.0189247
6.41777	799.586	0.0197830
6.43415	799.586	0.0184402
6.45053	799.586	0.0188255
6.46692	799.586	0.0186005
6.48330	799.586	0.0185089
6.49969	799.586	0.0178108
6.51607	799.586	0.0176888
6.53245	799.586	0.0196915
6.54884	799.586	0.0188751
6.56522	799.586	0.0171509
6.58161	799.586	0.0194244
6.59799	799.586	0.0183601
6.61437	799.586	0.0180473
6.63076	799.586	0.0184975
6.64714	799.586	0.0185089
6.66353	799.586	0.0175552
6.67991	799.586	0.0187721
6.70449	799.586	0.0178490
6.73725	799.586	0.0161476
6.77002	799.586	0.0184059
6.80279	799.586	0.0191689
6.83556	799.547	0.0181694
6.86833	799.547	0.0166817
6.90109	799.547	0.0176582
6.93386	799.547	0.0178032
6.96663	799.547	0.0169525
6.99940	799.547	0.0140800
7.03217	799.547	0.0153008
7.06493	799.547	0.0155945
7.09770	799.547	0.0159836
7.13047	799.547	0.0140724
7.16324	799.547	0.0162621
7.19601	799.547	0.0163155
7.22877	799.547	0.0169106
7.26154	799.547	0.0147705
7.29431	799.547	0.0154343
7.32708	799.547	0.0160141
7.35985	799.547	0.0151863
7.39261	799.547	0.0144577
7.42538	799.547	0.0150452
7.45815	799.527	0.0158920
7.49092	799.527	0.0156517
7.52369	799.527	0.0122910
7.55645	799.527	0.0146370
7.58922	799.527	0.0156288
7.62199	799.527	0.0165367
7.65476	799.527	0.0144081
7.68753	799.527	0.0162468
7.72029	799.527	0.0139885
7.75306	799.527	0.0164108
7.78583	799.527	0.0129356
7.81860	799.527	0.0149765
7.85137	799.527	0.0156555
7.88413	799.527	0.0151253
7.91690	799.527	0.0133095
7.94967	799.527	0.0138054
7.98244	799.527	0.0156975
8.03159	799.527	0.0145721
8.09713	799.527	0.0162697
8.16266	799.527	0.0129776
8.22820	799.527	0.0135994
8.29373	799.527	0.0114975
8.35927	799.527	0.0137672
8.42481	799.531	0.0123215
8.49034	799.531	0.0156441
8.55588	799.531	0.0130730
8.62141	799.531	0.0151215
8.68695	799.531	0.0144730
8.75249	799.531	0.0139542
8.81802	799.531	0.0121613
8.88356	799.531	0.0133896
9.01463	799.531	0.0117226
9.08017	799.531	0.0110817
9.14570	799.531	0.0141792
9.21124	799.531	0.0127831
9.27677	799.531	0.0136986
9.34231	799.531	0.0113335
9.40785	799.531	0.0142403
9.47338	799.531	0.0133018
9.53892	799.531	0.0117760
9.60445	799.531	0.0100670
9.66999	799.531	0.0109901
9.73553	799.531	0.0103340
9.80106	799.531	0.0108147
9.86660	799.531	0.0107574
9.93213	799.531	0.0104065
9.99767	799.531	0.0107193
10.0632	799.531	0.0124702
10.1287	799.531	0.0106697
10.1943	799.531	0.0129128
10.2598	799.531	0.0119438
10.3253	799.531	0.0126724
10.3909	799.531	9.89151e-3
10.4564	799.535	0.0115700
10.5220	799.535	0.0112114
10.5875	799.535	0.0118942
10.6858	799.535	0.0130005
10.8169	799.535	0.0125351
10.9479	799.535	0.0115509
11.0790	799.535	0.0138092
11.2101	799.535	0.0111046
11.3412	799.535	0.0122261
11.4722	799.535	9.84192e-3
11.6033	799.535	9.81140e-3
11.7344	799.535	8.87680e-3
11.9965	799.535	8.75854e-3
12.1276	799.535	0.0109863
12.2587	799.492	0.0110092
12.3897	799.492	9.20868e-3
12.5208	799.535	0.0104065
12.6519	799.492	9.74655e-3
12.7830	799.492	9.71603e-3
12.9140	799.535	0.0107079
13.0451	799.496	9.38797e-3
13.1762	799.496	8.35800e-3
13.3072	799.496	7.57217e-3
13.4383	799.496	7.14874e-3
13.5694	799.496	7.86209e-3
13.7005	799.496	9.83810e-3
13.8315	799.496	8.73184e-3
13.9626	799.496	8.64410e-3
14.0937	799.496	8.44193e-3
14.2247	799.496	8.50296e-3
14.3558	799.496	7.85065e-3
14.4869	799.496	9.02939e-3
14.6180	799.496	6.00052e-3
14.8801	799.496	6.64139e-3
15.0112	799.496	7.80869e-3
15.1422	799.496	7.76672e-3
15.2733	799.496	7.32040e-3
15.5355	799.496	7.71332e-3
15.6665	799.496	9.62448e-3
15.7976	799.496	9.16672e-3
15.9942	799.496	8.88062e-3
16.2564	799.496	7.59888e-3
16.5185	799.496	6.75201e-3
16.7806	799.496	5.98907e-3
17.0428	799.496	7.74384e-3
17.3049	799.496	5.37872e-3
17.5671	799.496	8.09860e-3
17.8292	799.496	6.56509e-3
18.0914	799.496	4.66156e-3
18.3535	799.496	5.77545e-3
19.1399	799.496	6.37054e-3
19.4021	799.500	5.76782e-3
19.6642	799.500	4.44031e-3
20.4507	799.500	5.48172e-3
20.7128	799.500	5.09262e-3
20.9749	799.500	5.26810e-3
21.2371	799.500	5.85938e-3
21.4992	799.480	5.42450e-3
21.7614	799.500	5.52368e-3
22.0235	799.500	5.29480e-3
22.5478	799.500	3.94440e-3
22.8100	799.500	6.23703e-3
23.0721	799.500	5.38635e-3
23.3342	799.500	6.37054e-3
23.5964	799.480	4.49753e-3
23.8585	799.480	5.56183e-3
24.1207	799.480	3.48282e-3
24.9071	799.484	2.65503e-3
25.1693	799.484	4.28772e-3
25.4314	799.480	3.88336e-3
25.6935	799.484	5.24521e-3
25.9557	799.484	3.79944e-3
26.2178	799.484	3.58200e-3
26.6110	799.484	3.31497e-3
27.1353	799.484	2.93732e-3
27.6596	799.484	2.45667e-3
28.1839	799.484	4.39835e-3
28.7082	799.484	3.50189e-3
29.2325	799.484	4.80270e-3
29.7568	799.484	4.43268e-3
30.2811	799.488	4.62341e-3
30.8053	799.488	3.48282e-3
31.3296	799.488	5.22232e-3
31.8539	799.488	1.50681e-3
32.3782	799.488	2.86865e-3
32.9025	799.488	2.32315e-3
33.4268	799.488	2.40326e-3
33.9511	799.488	3.87192e-3
35.5239	799.488	2.01035e-3
38.1454	799.492	4.69971e-3
39.7182	799.496	3.87573e-3
40.2425	799.496	3.79181e-3
56.2333	799.504	3.48663e-3
59.3790	799.508	2.81143e-3
60.4276	799.508	2.38419e-3
63.5733	799.512	1.92261e-3
65.6705	799.492	1.54877e-3
66.7191	799.516	2.70844e-3
68.8162	799.496	2.57874e-3
71.9620	799.496	1.91498e-3
73.0105	799.496	2.48337e-3
74.0591	799.500	1.04904e-3
75.1077	799.500	1.23596e-3
76.1563	799.500	1.84631e-3
77.2048	799.500	1.16348e-3
78.2534	799.500	1.82724e-3
80.3506	799.504	4.19617e-4
81.3991	799.508	2.70844e-3
82.4477	799.508	3.25775e-3
83.4963	799.504	3.32260e-3
84.5449	799.508	2.85721e-3
85.5934	799.508	3.04794e-3
86.6420	799.512	2.17056e-3
90.3120	799.473	3.44467e-3
92.4092	799.473	1.88065e-3
94.5063	799.473	1.38092e-3
96.6035	799.477	1.93405e-3
98.7006	799.477	1.07956e-3
100.798	799.477	8.58307e-4
102.895	799.480	-6.75201e-4
104.992	799.480	1.54114e-3
107.089	799.484	1.51062e-3
109.186	799.484	1.42670e-3
111.284	799.484	2.00653e-3
113.381	799.488	1.97983e-3
115.478	799.488	1.47629e-3
117.575	799.488	2.35367e-3
119.672	799.492	1.41144e-3
121.769	799.492	3.17001e-3
123.866	799.492	2.46048e-3
125.964	799.496	2.38037e-3
128.061	799.496	2.52914e-3
130.158	799.500	2.80762e-3
132.255	799.500	1.28555e-3
134.352	799.500	8.27789e-4
136.449	799.504	1.15967e-3
138.547	799.504	2.01035e-3
140.644	799.484	-3.35693e-4
142.741	799.508	5.56946e-4
144.838	799.488	7.82013e-4
149.032	799.496	6.94275e-4
151.129	799.496	-6.86646e-4
155.324	799.496	2.28500e-3
157.421	799.500	1.59073e-3
159.518	799.500	1.49536e-3
161.615	799.504	1.49536e-3
163.712	799.523	3.46756e-3
165.810	799.508	2.39182e-3
167.907	799.504	2.71225e-3
170.004	799.508	1.95313e-3
172.101	799.508	2.71988e-3
175.247	799.516	2.86865e-3
179.441	799.516	2.07520e-3
183.635	799.520	3.58963e-3
187.830	799.520	1.30081e-3
192.024	799.523	1.60599e-3
196.218	799.527	2.10953e-3
200.413	799.531	2.63977e-3
204.607	799.535	1.28174e-3
208.801	799.539	1.29318e-3
212.995	799.543	8.23975e-4
217.190	799.543	1.56403e-4
221.384	799.547	1.24741e-3
225.578	799.551	2.36511e-3
229.773	799.551	2.52914e-3
233.967	799.555	2.32315e-3
238.161	799.539	2.37656e-3
242.356	799.562	3.29971e-3
246.550	799.543	2.88010e-3
254.938	799.551	3.50952e-4
263.327	799.555	2.15530e-3
267.521	799.578	1.89209e-3
271.716	799.562	1.51062e-3
275.910	799.566	1.75095e-3
280.104	799.566	2.26593e-3
284.299	799.570	2.75421e-3
288.493	799.535	9.26971e-4
292.687	799.539	8.35419e-4
296.882	799.539	1.99890e-3
301.076	799.543	9.91821e-5