Time	Gap	Axial force
s	µm	N
0.00000	715.965	-6.06537e-4
5.44000e-4	715.965	-1.75095e-3
1.56800e-3	715.945	-1.97983e-3
2.59200e-3	715.945	-1.09100e-3
3.61600e-3	715.945	1.90735e-4
4.64000e-3	715.945	7.93457e-4
5.66400e-3	715.945	3.58582e-4
6.68800e-3	715.945	-6.79016e-4
7.71200e-3	715.945	-1.51443e-3
8.73600e-3	715.945	-1.69373e-3
9.76000e-3	715.945	-1.31989e-3
0.0107840	715.945	-4.50134e-4
0.0118080	715.945	5.26428e-4
0.0128320	715.945	1.01089e-3
0.0138560	715.926	8.65936e-4
0.0148800	715.926	2.78473e-4
0.0159040	715.926	-3.50952e-4
0.0169280	715.926	-5.72205e-4
0.0179520	715.926	-3.54767e-4
0.0189760	715.926	3.81470e-6
0.0200000	715.926	8.39233e-5
0.0210240	715.926	-2.97546e-4
0.0220480	715.926	4.57764e-4
0.0230720	715.926	2.45285e-3
0.0240960	715.926	3.82614e-3
0.0251200	715.926	2.90680e-3
0.0261440	715.926	-3.05176e-4
0.0271680	715.926	-3.31116e-3
0.0281920	715.926	-4.20380e-3
0.0292160	715.926	-2.16675e-3
0.0302400	715.926	2.30789e-3
0.0312640	715.926	6.62613e-3
0.0322880	715.926	7.93839e-3
0.0333120	715.926	4.95911e-3
0.0343360	715.926	-7.66754e-4
0.0353600	715.926	-4.89044e-3
0.0363840	715.926	-4.48608e-3
0.0374080	715.926	-7.78198e-4
0.0384320	715.926	2.93732e-3
0.0394560	715.926	3.45230e-3
0.0404800	715.926	1.32751e-3
0.0420160	715.746	-2.86484e-3
0.0440640	715.746	3.49808e-3
0.0461120	715.746	7.10678e-3
0.0481600	715.746	5.14984e-3
0.0502080	715.746	-1.45721e-3
0.0522560	715.746	-1.31607e-3
0.0543040	715.746	3.53241e-3
0.0563520	715.746	3.00980e-3
0.0584000	715.746	5.11169e-4
0.0604480	715.746	2.71988e-3
0.0624960	715.746	6.90079e-3
0.0645440	715.746	7.21359e-3
0.0665920	715.746	2.02179e-4
0.0686400	715.746	-9.07898e-4
0.0706880	715.484	6.34766e-3
0.0727360	715.484	7.40051e-3
0.0747840	715.484	-1.73187e-3
0.0768320	715.484	-2.05612e-3
0.0788800	715.484	5.63049e-3
0.0809280	715.484	4.96674e-3
0.0829760	715.484	1.30463e-3
0.0850240	715.305	6.95419e-3
0.0870720	715.305	8.14819e-3
0.0891200	715.305	2.25067e-3
0.0911680	715.305	2.31171e-3
0.0932160	715.305	6.30188e-3
0.0952640	715.305	6.08826e-3
0.0973120	715.305	6.69861e-3
0.0993600	715.305	7.04193e-3
0.101408	715.305	1.10626e-3
0.103456	715.305	1.04904e-3
0.105504	715.305	9.65118e-3
0.107552	715.305	8.37708e-3
0.109600	715.305	-3.47137e-4
0.111648	715.105	2.47955e-3
0.113696	715.105	6.96182e-3
0.115744	715.105	3.92151e-3
0.117792	715.105	3.40652e-3
0.119840	715.105	7.79724e-3
0.121888	715.105	6.90842e-3
0.124960	714.805	5.34439e-3
0.129056	714.805	6.49643e-3
0.133152	714.805	0.0127106
0.137248	714.805	-5.64575e-4
0.141344	714.805	7.05719e-3
0.145440	714.805	0.0106850
0.149536	714.746	2.15530e-3
0.153632	714.746	9.23538e-3
0.157728	714.746	7.98035e-3
0.161824	714.746	7.44629e-3
0.165920	714.387	7.75528e-3
0.170016	714.387	7.26700e-3
0.174112	714.387	7.74765e-3
0.178208	714.387	7.41959e-3
0.182304	714.145	0.0106888
0.186400	714.145	6.41251e-3
0.190496	714.145	9.32312e-3
0.194592	714.066	0.0112495
0.198688	714.066	7.69806e-3
0.202784	714.066	0.0123444
0.206880	714.066	6.51932e-3
0.210976	714.066	0.0114441
0.215072	714.066	7.51495e-3
0.219168	714.066	0.0121727
0.223264	714.066	0.0112991
0.227360	713.746	6.30188e-3
0.231456	713.746	0.0118828
0.235552	713.746	0.0114288
0.239648	713.746	0.0116882
0.243744	713.746	0.0112839
0.247840	713.746	8.60977e-3
0.251936	713.605	0.0105782
0.256032	713.605	0.0134048
0.260128	713.605	0.0132179
0.264224	713.387	7.56454e-3
0.268320	713.387	0.0181351
0.272416	713.387	5.93567e-3
0.276512	713.387	0.0141411
0.280608	713.387	0.0121727
0.284704	713.387	0.0126419
0.290848	713.105	9.04846e-3
0.299040	713.105	0.0145950
0.307232	713.105	0.0153351
0.315424	712.965	0.0115433
0.323616	712.965	0.0163116
0.331808	712.727	0.0191498
0.340000	712.727	0.0181236
0.348192	712.586	0.0160065
0.356384	712.586	0.0138512
0.364576	712.586	0.0133400
0.372768	712.367	0.0144043
0.380960	712.246	0.0138054
0.389152	712.246	0.0132942
0.397344	712.246	0.0231819
0.405536	712.008	0.0202599
0.413728	712.008	0.0191193
0.421920	711.727	0.0155334
0.430112	711.566	0.0103722
0.438304	711.566	0.0163155
0.446496	711.566	0.0160789
0.454688	711.367	0.0177269
0.462880	711.367	0.0193977
0.471072	711.187	0.0222893
0.479264	711.187	0.0192337
0.487456	711.187	0.0192642
0.495648	711.187	0.0147438
0.503840	711.187	0.0178223
0.512032	710.824	0.0216370
0.520224	710.824	0.0254593
0.528416	710.824	0.0199966
0.536608	710.523	0.0182571
0.544800	710.523	0.0190392
0.552992	710.426	0.0170708
0.561184	710.426	0.0185089
0.569376	710.426	0.0216980
0.577568	710.426	0.0236092
0.585760	710.426	0.0205994
0.593952	710.184	0.0213852
0.602144	709.965	0.0231934
0.610336	709.965	0.0222816
0.622624	709.684	0.0240746
0.639008	709.605	0.0232124
0.655392	709.344	0.0250854
0.671776	709.105	0.0257530
0.688160	709.086	0.0194550
0.704544	709.086	0.0222168
0.720928	708.785	0.0267868
0.737312	708.566	0.0249100
0.753696	708.305	0.0239868
0.770080	708.246	0.0318565
0.786464	708.023	0.0258255
0.802848	708.023	0.0289650
0.819232	707.746	0.0189400
0.835616	707.523	0.0280418
0.852000	707.383	0.0278931
0.868384	707.246	0.0271454
0.884768	707.246	0.0272789
0.901152	707.004	0.0199890
0.917536	706.824	0.0277519
0.933920	706.523	0.0234566
0.950304	706.426	0.0268593
0.966688	706.426	0.0262527
0.983072	706.285	0.0280266
0.999456	706.023	0.0257111
1.01584	705.824	0.0336876
1.03222	705.605	0.0261421
1.04861	705.605	0.0299416
1.06499	705.426	0.0266800
1.08138	705.184	0.0311317
1.09776	705.105	0.0253181
1.11414	704.883	0.0302734
1.13053	704.883	0.0323410
1.14691	704.684	0.0267105
1.16330	704.445	0.0316772
1.17968	704.246	0.0288506
1.19606	704.008	0.0329094
1.21245	703.785	0.0291405
1.22883	703.785	0.0313759
1.24522	703.727	0.0349083
1.26160	703.465	0.0283737
1.28618	703.066	0.0303497
1.31894	702.848	0.0298347
1.35171	702.367	0.0378761
1.38448	701.926	0.0349083
1.41725	701.887	0.0367508
1.45002	701.387	0.0292778
1.48278	701.004	0.0304604
1.51555	700.746	0.0361214
1.54832	700.367	0.0343552
1.58109	700.027	0.0377693
1.61386	699.785	0.0290413
1.64662	699.367	0.0326843
1.67939	699.207	0.0352821
1.71216	698.828	0.0343208
1.74493	698.363	0.0357666
1.77770	698.145	0.0307159
1.81046	697.844	0.0366821
1.84323	697.387	0.0375900
1.87600	697.184	0.0427856
1.90877	696.684	0.0390053
1.94154	696.383	0.0340424
1.97430	696.105	0.0314980
2.00707	695.844	0.0375252
2.03984	695.605	0.0382881
2.07261	695.164	0.0422020
2.10538	694.746	0.0314445
2.13814	694.566	0.0400772
2.17091	694.203	0.0373001
2.20368	693.684	0.0381699
2.23645	693.605	0.0433311
2.26922	693.105	0.0367737
2.30198	692.785	0.0441132
2.33475	692.605	0.0366058
2.36752	692.223	0.0434151
2.40029	691.746	0.0393143
2.43306	691.566	0.0389023
2.46582	691.145	0.0377655
2.49859	691.023	0.0393333
2.53136	690.586	0.0398903
2.56413	690.246	0.0402145
2.61328	689.605	0.0416031
2.67882	689.027	0.0423317
2.74435	688.086	0.0422440
2.80989	687.703	0.0457687
2.87542	686.883	0.0412369
2.94096	686.324	0.0482178
3.00650	685.586	0.0437508
3.07203	684.926	0.0431328
3.13757	684.324	0.0398941
3.20310	683.523	0.0427589
3.26864	682.965	0.0513458
3.33418	682.383	0.0473213
3.39971	681.684	0.0446243
3.46525	680.887	0.0433006
3.53078	680.363	0.0486717
3.59632	679.746	0.0415154
3.66186	678.883	0.0393066
3.72739	678.305	0.0553169
3.79293	677.684	0.0511322
3.85846	677.004	0.0450134
3.92400	676.184	0.0480156
3.98954	675.602	0.0504303
4.05507	675.023	0.0575562
4.12061	674.484	0.0490456
4.18614	673.883	0.0475349
4.25168	673.023	0.0533333
4.31722	672.441	0.0464821
4.38275	671.664	0.0453911
4.44829	671.063	0.0463600
4.51382	670.441	0.0451889
4.57936	669.844	0.0422707
4.64490	669.004	0.0500870
4.71043	668.383	0.0496407
4.77597	667.863	0.0452385
4.84150	667.004	0.0492630
4.90704	666.383	0.0531044
4.97258	665.844	0.0548286
5.03811	665.281	0.0513268
5.10365	664.383	0.0495300
5.16918	663.922	0.0497742
5.26749	662.723	0.0492401
5.39856	661.383	0.0540886
5.52963	659.941	0.0521164
5.66070	658.719	0.0536385
5.79178	657.383	0.0550041
6.47937	655.781	0.0322533
6.47991	655.781	0.0330467
6.48094	655.781	0.0337753
6.48196	655.781	0.0338058
6.48299	655.781	0.0331154
6.48401	655.781	0.0324364
6.48503	655.781	0.0321312
6.48606	655.781	0.0319290
6.48708	655.781	0.0314484
6.48811	655.781	0.0309715
6.48913	655.781	0.0308685
6.49015	655.781	0.0311813
6.49118	655.781	0.0313034
6.49220	655.781	0.0312309
6.49323	655.781	0.0313377
6.49425	655.781	0.0314445
6.49527	655.781	0.0315170
6.49630	655.781	0.0315704
6.49732	655.781	0.0317307
6.49835	655.781	0.0316353
6.50039	655.781	0.0308609
6.50142	655.781	0.0305824
6.50244	655.781	0.0306053
6.50347	655.781	0.0308952
6.50449	655.781	0.0311012
6.50551	655.781	0.0308685
6.50654	655.781	0.0305061
6.50756	655.781	0.0304413
6.50859	655.781	0.0307846
6.50961	655.781	0.0314980
6.51063	655.781	0.0320473
6.51166	655.781	0.0318909
6.51268	655.781	0.0307617
6.51371	655.781	0.0306625
6.51473	655.781	0.0308342
6.51575	655.781	0.0309296
6.51678	655.781	0.0308266
6.51780	655.781	0.0307579
6.51883	655.781	0.0307770
6.51985	655.781	0.0310020
6.52139	655.781	0.0310516
6.52343	655.781	0.0311203
6.52548	655.781	0.0319595
6.52753	655.781	0.0313721
6.52958	655.781	0.0308533
6.53163	655.781	0.0319366
6.53367	655.781	0.0308380
6.53572	655.781	0.0303268
6.53777	655.781	0.0304031
6.53982	655.781	0.0305099
6.54187	655.781	0.0301132
6.54391	655.781	0.0304680
6.54596	655.781	0.0310669
6.54801	655.781	0.0313034
6.55006	655.781	0.0306129
6.55211	655.781	0.0303192
6.55415	655.781	0.0301094
6.55620	655.781	0.0293999
6.55825	655.781	0.0287552
6.56030	655.781	0.0292015
6.56235	655.781	0.0307236
6.56439	655.781	0.0323753
6.56644	655.781	0.0316505
6.56849	655.781	0.0293617
6.57054	655.781	0.0295105
6.57259	655.781	0.0304680
6.57463	655.781	0.0299988
6.57668	655.781	0.0297585
6.57873	655.781	0.0301056
6.58078	655.781	0.0312614
6.58283	655.781	0.0308533
6.58487	655.781	0.0299759
6.58692	655.781	0.0310745
6.58897	655.781	0.0310097
6.59102	655.781	0.0302010
6.59307	655.781	0.0296707
6.59511	655.781	0.0298080
6.59716	655.781	0.0299721
6.59921	655.781	0.0299149
6.60126	655.781	0.0303459
6.60433	655.781	0.0295868
6.60843	655.781	0.0302505
6.61252	655.781	0.0284081
6.61662	655.781	0.0290718
6.62071	655.781	0.0286064
6.62481	655.781	0.0296402
6.62891	655.781	0.0303688
6.63300	655.781	0.0286980
6.64119	655.781	0.0297775
6.64529	655.781	0.0291214
6.64939	655.781	0.0286827
6.65348	655.781	0.0269585
6.65758	655.781	0.0286217
6.66167	655.781	0.0291138
6.66577	655.742	0.0285797
6.66987	655.742	0.0292625
6.67396	655.742	0.0264206
6.67806	655.742	0.0281258
6.68215	655.742	0.0285950
6.68625	655.742	0.0292091
6.69035	655.742	0.0293694
6.69444	655.742	0.0272598
6.70263	655.742	0.0275764
6.70673	655.742	0.0274506
6.71083	655.742	0.0271606
6.71492	655.742	0.0258789
6.71902	655.742	0.0273285
6.72311	655.742	0.0247574
6.72721	655.742	0.0275574
6.73131	655.742	0.0311432
6.73540	655.742	0.0273857
6.73950	655.742	0.0282593
6.74359	655.742	0.0271606
6.74769	655.742	0.0249519
6.75179	655.742	0.0286827
6.75588	655.742	0.0251961
6.75998	655.742	0.0293159
6.76407	655.742	0.0262718
6.77022	655.742	0.0264778
6.77841	655.742	0.0267715
6.78660	655.742	0.0257454
6.79479	655.742	0.0269394
6.80299	655.742	0.0263863
6.81118	655.742	0.0257835
6.81937	655.742	0.0263977
6.82756	655.742	0.0257950
6.83575	655.742	0.0248871
6.84395	655.742	0.0261650
6.85214	655.742	0.0258751
6.86033	655.742	0.0269089
6.86852	655.742	0.0248146
6.87671	655.742	0.0239792
6.88491	655.742	0.0252991
6.89310	655.742	0.0261383
6.90129	655.742	0.0254669
6.90948	655.742	0.0250320
6.91767	655.742	0.0262833
6.92587	655.742	0.0238342
6.93406	655.742	0.0253067
6.94225	655.742	0.0242844
6.95044	655.742	0.0237579
6.95863	655.742	0.0257683
6.96683	655.742	0.0256920
6.97502	655.742	0.0258865
6.98321	655.742	0.0246582
6.99140	655.742	0.0242577
6.99959	655.742	0.0243568
7.00779	655.742	0.0243073
7.01598	655.742	0.0262413
7.02417	655.742	0.0235672
7.03236	655.742	0.0240707
7.04055	655.742	0.0241051
7.04875	655.742	0.0238342
7.05694	655.742	0.0244560
7.06513	655.742	0.0241852
7.07332	655.742	0.0247345
7.08151	655.742	0.0221252
7.08971	655.742	0.0222435
7.10199	655.742	0.0242424
7.11838	655.742	0.0244217
7.13476	655.742	0.0221825
7.15115	655.742	0.0232124
7.16753	655.742	0.0234222
7.18391	655.742	0.0210075
7.20030	655.742	0.0218163
7.21668	655.742	0.0225067
7.23307	655.742	0.0215988
7.24945	655.742	0.0215149
7.26583	655.742	0.0224800
7.28222	655.742	0.0224609
7.29860	655.742	0.0210991
7.31499	655.742	0.0211296
7.33137	655.742	0.0226555
7.34775	655.742	0.0210953
7.36414	655.742	0.0196953
7.38052	655.742	0.0200500
7.39691	655.742	0.0224838
7.41329	655.742	0.0213470
7.42967	655.742	0.0218506
7.44606	655.742	0.0211716
7.46244	655.742	0.0191994
7.47883	655.742	0.0200882
7.49521	655.742	0.0202484
7.51159	655.742	0.0184822
7.52798	655.742	0.0211983
7.54436	655.742	0.0223236
7.56075	655.742	0.0198746
7.57713	655.742	0.0198097
7.59351	655.742	0.0190353
7.60990	655.742	0.0185089
7.62628	655.742	0.0188408
7.64267	655.742	0.0190048
7.65905	655.746	0.0182228
7.67543	655.746	0.0193558
7.69182	655.746	0.0190964
7.70820	655.746	0.0179596
7.72459	655.746	0.0168724
7.74097	655.746	0.0185585
7.76555	655.746	0.0178604
7.79831	655.746	0.0199699
7.83108	655.746	0.0174675
7.86385	655.723	0.0168800
7.89662	655.723	0.0181618
7.92939	655.723	0.0181618
7.96215	655.723	0.0181160
7.99492	655.723	0.0170822
8.02769	655.723	0.0163841
8.06046	655.723	0.0180359
8.09323	655.723	0.0154991
8.12599	655.723	0.0156403
8.15876	655.723	0.0174332
8.19153	655.723	0.0167236
8.22430	655.723	0.0163841
8.25707	655.727	0.0142899
8.28983	655.727	0.0138893
8.32260	655.727	0.0164871
8.35537	655.727	0.0136032
8.38814	655.727	0.0147552
8.42091	655.727	0.0156860
8.45368	655.727	0.0159645
8.48644	655.727	0.0141487
8.51921	655.727	0.0146103
8.55198	655.727	0.0147133
8.58475	655.727	0.0138817
8.61751	655.727	0.0138512
8.65028	655.727	0.0116692
8.68305	655.727	0.0123024
8.71582	655.727	0.0113182
8.74859	655.727	0.0121613
8.78135	655.727	0.0116158
8.81412	655.727	0.0119057
8.84689	655.727	0.0125732
8.87966	655.723	0.0122452
8.91243	655.723	0.0131302
8.94520	655.723	0.0114098
8.97796	655.723	0.0130653
9.01073	655.723	0.0131798
9.04350	655.723	0.0104179
9.09265	655.723	0.0120850
9.15819	655.723	9.47952e-3
9.22372	655.723	0.0105820
9.28926	655.723	9.07516e-3
9.35479	655.723	0.0105515
9.42033	655.723	9.73892e-3
9.48587	655.723	8.31604e-3
9.55140	655.723	9.66263e-3
9.61694	655.723	7.88498e-3
9.68248	655.723	9.04846e-3
9.74801	655.723	8.51440e-3
9.81355	655.723	9.55963e-3
9.87908	655.723	9.40323e-3
9.94462	655.723	9.33456e-3
10.0102	655.723	9.04465e-3
10.0757	655.723	9.63974e-3
10.1412	655.723	8.00705e-3
10.2068	655.723	9.88007e-3
10.2723	655.723	9.11331e-3
10.3378	655.723	8.73184e-3
10.4034	655.723	8.49915e-3
10.4689	655.723	9.54819e-3
10.5344	655.723	0.0104561
10.6000	655.723	0.0103951
10.6655	655.723	0.0101128
10.7311	655.723	8.28171e-3
10.7966	655.723	7.38144e-3
10.8621	655.723	0.0109978
10.9277	655.723	0.0104523
10.9932	655.723	0.0104446
11.0587	655.723	8.54492e-3
11.1243	655.723	9.23920e-3
11.1898	655.723	7.01523e-3
11.2553	655.723	8.55255e-3
11.3209	655.703	9.12476e-3
11.3864	655.703	7.50732e-3
11.4519	655.703	6.65665e-3
11.5175	655.723	7.22885e-3
11.5830	655.723	9.75800e-3
11.6486	655.723	8.78143e-3
11.7469	655.723	7.77435e-3
11.8779	655.703	5.95856e-3
12.0090	655.703	7.75909e-3
12.1401	655.727	7.41959e-3
12.2711	655.723	6.32858e-3
12.4022	655.723	8.36182e-3
12.5333	655.723	5.83649e-3
12.6644	655.727	6.67953e-3
12.7954	655.727	6.33240e-3
12.9265	655.703	5.07355e-3
13.0576	655.723	6.66046e-3
13.1887	655.723	5.13458e-3
13.3197	655.723	5.53894e-3
13.4508	655.703	4.93240e-3
13.5819	655.703	3.65448e-3
13.7129	655.703	5.29861e-3
13.8440	655.703	5.29861e-3
13.9751	655.703	5.87845e-3
14.1062	655.727	5.96237e-3
14.2372	655.727	4.99725e-3
14.3683	655.727	4.51660e-3
14.4994	655.707	5.17654e-3
14.6304	655.707	3.96347e-3
14.7615	655.723	5.10025e-3
14.8926	655.723	6.59943e-3
15.0237	655.723	4.94385e-3
15.1547	655.703	5.30624e-3
15.2858	655.723	8.06046e-3
15.4169	655.723	4.44794e-3
15.5479	655.707	5.69534e-3
15.6790	655.707	3.61252e-3
15.8101	655.707	4.19235e-3
15.9412	655.707	5.05447e-3
16.0722	655.727	4.45938e-3
16.2033	655.727	3.70789e-3
16.3344	655.727	5.10025e-3
16.4655	655.703	2.07901e-3
16.5965	655.703	4.52423e-3
16.7276	655.727	3.59726e-3
16.8587	655.707	2.43378e-3
17.0553	655.707	4.84085e-3
17.3174	655.727	4.13513e-3
17.5796	655.727	4.05502e-3
17.8417	655.727	3.79562e-3
18.1039	655.727	3.52859e-3
18.3660	655.707	4.95911e-3
18.6281	655.727	5.06973e-3
18.8903	655.727	3.87573e-3
19.1524	655.730	8.82339e-3
19.4146	655.707	8.77380e-4
19.6767	655.703	3.58582e-3
19.9389	655.707	4.44794e-3
20.2010	655.727	4.50134e-3
20.4631	655.707	3.77655e-3
20.7253	655.707	2.97165e-3
20.9874	655.707	4.28772e-3
21.2496	655.703	4.54712e-3
21.5117	655.703	5.14221e-3
21.7739	655.703	-7.62939e-6
22.0360	655.699	5.94711e-3
22.2982	655.699	4.08554e-3
22.5603	655.699	3.78036e-3
22.8224	655.699	6.24466e-3
23.0846	655.703	4.79507e-3
23.3467	655.684	3.31116e-3
23.6089	655.680	5.29861e-3
23.8710	655.703	2.81906e-3
24.1332	655.684	4.68445e-3
24.3953	655.684	4.21524e-3
24.6574	655.703	2.36130e-3
24.9196	655.684	1.82724e-3
25.1817	655.703	3.99399e-3
25.4439	655.703	2.25449e-3
25.7060	655.684	3.75748e-3
25.9682	655.703	3.36838e-3
26.2303	655.703	2.39944e-3
26.4925	655.703	2.19727e-3
26.7546	655.684	3.79562e-3
27.0167	655.703	3.61633e-3
27.2789	655.703	2.76184e-3
27.6721	655.684	4.24576e-3
28.1964	655.703	2.54440e-3
28.7207	655.684	2.34985e-3
29.2450	655.707	1.52588e-4
29.7693	655.687	3.63922e-3
30.2935	655.687	1.70898e-3
30.8178	655.684	2.46048e-3
31.3421	655.703	3.54767e-3
31.8664	655.703	4.33350e-3
32.3907	655.684	4.23050e-3
32.9150	655.687	4.53568e-3
33.4393	655.707	3.65067e-3
33.9636	655.707	2.32697e-3
34.4879	655.687	3.90244e-3
35.0121	655.707	2.01797e-3
35.5364	655.687	2.35367e-3
36.0607	655.707	2.00272e-3
36.5850	655.687	3.08990e-3
37.1093	655.687	3.39890e-3
37.6336	655.687	1.56403e-3
38.1579	655.687	4.00543e-3
38.6822	655.684	1.73950e-3
39.2064	655.687	1.83868e-3
39.7307	655.707	3.64304e-3
40.2550	655.684	3.32260e-3
40.7793	655.684	7.62939e-4
41.3036	655.703	4.36783e-3
41.8279	655.684	2.66647e-3
42.3522	655.684	3.57819e-3
42.8765	655.703	2.60162e-3
43.4007	655.684	2.27737e-3
43.9250	655.684	3.46756e-3
44.4493	655.684	1.82724e-3
44.9736	655.703	3.31497e-3
45.4979	655.684	3.66974e-3
46.0222	655.687	6.22177e-3
46.5465	655.707	2.07138e-3
47.0708	655.707	3.95966e-3
47.5951	655.707	1.87302e-3
48.1193	655.707	3.04031e-3
48.9058	655.703	4.34494e-3
49.9543	655.684	3.47900e-3
51.0029	655.684	6.25610e-4
52.0515	655.684	3.58963e-3
53.1001	655.703	3.51334e-3
54.1487	655.703	2.78854e-3
55.1972	655.684	3.48663e-3
56.2458	655.684	3.62015e-3
57.2944	655.684	2.54440e-3
58.3430	655.707	2.59399e-3
59.3915	655.684	3.00598e-3
60.4401	655.707	3.34549e-3
61.4887	655.707	-4.23431e-4
62.5373	655.684	2.89154e-3
63.5858	655.684	5.53131e-4
64.6344	655.703	2.04468e-3
65.6830	655.684	2.01797e-3
66.7316	655.684	4.13513e-3
67.7801	655.684	4.18091e-3
68.8287	655.687	4.47845e-3
69.8773	655.703	5.31769e-3
70.9259	655.684	3.80325e-3
71.9744	655.684	3.41797e-3
73.0230	655.684	2.45285e-3
74.0716	655.684	2.09427e-3
75.1202	655.684	2.01416e-3
76.1687	655.707	4.21524e-3
77.2173	655.687	4.22287e-3
78.2659	655.687	2.07138e-3
79.3145	655.684	3.25394e-3
80.3631	655.687	3.27682e-3
81.4116	655.687	3.52097e-3
82.4602	655.703	2.98691e-3
83.5088	655.707	3.18146e-3
84.5574	655.707	3.59344e-3
85.6059	655.684	3.31116e-3
86.6545	655.684	1.72043e-3
87.7031	655.684	2.99835e-3
88.7517	655.687	4.38309e-3
89.8002	655.687	3.88718e-3
91.3731	655.684	3.12042e-3
93.4703	655.684	2.45285e-3
95.5674	655.684	6.79016e-4
97.6646	655.684	2.04468e-3
99.7617	655.684	1.87302e-3
101.859	655.684	1.67084e-3
103.956	655.684	1.13297e-3
106.053	655.684	1.91879e-3
108.150	655.684	3.05939e-3
110.247	655.687	4.08936e-3
112.345	655.687	1.81961e-3
114.442	655.687	1.74332e-3
116.539	655.687	1.83105e-3
118.636	655.687	3.21960e-3
120.733	655.687	2.09427e-3
122.830	655.687	2.69318e-3
124.928	655.687	4.69589e-3
127.025	655.687	3.37219e-3
129.122	655.687	5.48935e-3
131.219	655.687	4.90570e-3
133.316	655.687	2.99072e-3
135.413	655.687	1.31989e-3
137.510	655.687	3.41034e-3
139.608	655.687	8.39233e-4
141.705	655.687	3.10516e-3
143.802	655.687	2.68555e-3
145.899	655.684	2.31934e-3
147.996	655.684	2.26974e-3
150.093	655.684	2.86865e-3
152.191	655.687	3.70407e-3
154.288	655.687	1.81198e-3
156.385	655.687	8.46863e-4
158.482	655.687	4.03976e-3
160.579	655.691	3.31879e-4
162.676	655.687	2.35748e-3
164.773	655.687	8.16345e-4
166.871	655.687	-4.08173e-4
168.968	655.684	1.72806e-3
171.065	655.687	4.05884e-3
173.162	655.687	2.17819e-3
176.308	655.691	1.57166e-3
180.502	655.687	8.27789e-4
184.696	655.687	4.42505e-4
188.891	655.691	3.96729e-4
193.085	655.691	1.78146e-3
197.279	655.687	1.02234e-3
201.474	655.691	7.05719e-4
205.668	655.691	1.61362e-3
209.862	655.691	1.13297e-3
214.056	655.687	1.05286e-3
218.251	655.691	2.52914e-3
222.445	655.691	1.11389e-3
226.639	655.687	2.15530e-3
230.834	655.691	4.99725e-4
235.028	655.687	2.36130e-3
239.222	655.691	8.39233e-5
243.417	655.695	2.41089e-3
247.611	655.691	1.16730e-3
251.805	655.687	1.46103e-3
256.000	655.691	2.89917e-3
260.194	655.691	2.37274e-3
264.388	655.691	-1.02234e-3
268.582	655.691	1.83105e-4
272.777	655.691	2.02179e-4
276.971	655.691	2.22397e-3
281.165	655.691	6.21796e-4
285.360	655.687	-1.52588e-5
289.554	655.668	1.52206e-3
293.748	655.691	2.56348e-3
297.943	655.691	2.15912e-3
302.137	655.672	1.84250e-3