Time	Gap	Axial force
s	µm	N
2.70744e-8	596.176	2.29645e-3
5.43979e-4	596.176	3.04031e-3
1.56799e-3	596.176	1.93787e-3
2.59199e-3	596.176	-6.82831e-4
3.61600e-3	596.176	-2.73895e-3
4.64001e-3	596.176	-2.59781e-3
5.66402e-3	596.176	-5.72205e-4
6.68803e-3	596.176	1.95694e-3
7.71197e-3	596.176	4.17328e-3
8.73598e-3	596.176	5.66864e-3
9.75999e-3	596.176	4.91714e-3
0.0107840	596.176	1.41907e-3
0.0118080	596.176	-2.83432e-3
0.0128320	596.176	-5.04303e-3
0.0138560	596.176	-4.24957e-3
0.0148800	596.176	-1.56021e-3
0.0159040	596.176	9.80377e-4
0.0169280	596.176	1.16348e-3
0.0179520	596.176	-1.54495e-3
0.0189760	596.176	-2.98309e-3
0.0200000	596.176	-2.67792e-3
0.0210240	596.176	-8.39233e-4
0.0220480	596.176	1.56021e-3
0.0230720	596.176	2.96402e-3
0.0240960	596.176	3.26538e-3
0.0251200	596.176	3.39508e-3
0.0261440	595.977	3.95966e-3
0.0271680	595.977	4.15802e-3
0.0281920	595.977	2.93350e-3
0.0292160	595.977	1.86920e-4
0.0302400	595.977	-2.54059e-3
0.0312640	595.977	-3.75366e-3
0.0322880	595.977	-2.82669e-3
0.0333120	595.977	-7.85828e-4
0.0343361	595.977	8.65936e-4
0.0353599	595.977	9.72748e-4
0.0363840	595.977	9.53674e-5
0.0374080	595.977	-6.56128e-4
0.0384320	595.977	2.40326e-4
0.0394560	595.977	1.64795e-3
0.0404800	595.977	2.45285e-3
0.0420160	595.977	2.48718e-3
0.0440640	595.977	3.14713e-3
0.0461120	595.977	-5.14984e-4
0.0481600	595.977	-2.32315e-3
0.0502079	595.816	1.02997e-3
0.0522560	595.816	4.78363e-3
0.0543040	595.816	1.73569e-3
0.0563520	595.816	-3.55148e-3
0.0584000	595.816	-6.79016e-4
0.0604480	595.816	1.60217e-3
0.0624960	595.816	-5.76019e-4
0.0645441	595.816	9.42230e-4
0.0665919	595.816	3.52859e-3
0.0686400	595.816	6.86646e-4
0.0706880	595.816	-2.76566e-3
0.0727360	595.816	-2.40326e-4
0.0747840	595.477	2.31934e-3
0.0768320	595.477	1.60217e-4
0.0788800	595.477	6.86646e-4
0.0809281	595.477	6.49643e-3
0.0829760	595.477	-9.65118e-4
0.0850240	595.477	-4.27246e-3
0.0870720	595.477	2.51770e-3
0.0891200	595.477	6.72913e-3
0.0911680	595.477	2.51770e-4
0.0932160	595.477	-3.81851e-3
0.0952640	595.434	1.28555e-3
0.0973121	595.434	2.99072e-3
0.0993600	595.434	2.86102e-4
0.101408	595.434	1.79291e-3
0.103456	595.434	2.88391e-3
0.105504	595.434	1.35803e-3
0.107552	595.434	3.95966e-3
0.109600	595.434	8.62122e-4
0.111648	595.434	-5.71060e-3
0.113696	595.113	-1.37329e-3
0.115744	595.113	3.83759e-3
0.117792	595.113	1.90353e-3
0.119840	595.113	-5.34058e-4
0.121888	595.113	8.92639e-4
0.124960	595.113	3.24249e-3
0.129056	595.113	-4.62341e-3
0.133152	595.113	4.99344e-3
0.137248	595.113	-1.06812e-3
0.141344	594.934	1.99890e-3
0.145440	594.934	-1.62125e-3
0.149536	594.613	2.66266e-3
0.153632	594.613	2.10571e-3
0.157728	594.613	2.36893e-3
0.161824	594.613	1.80817e-3
0.165920	594.613	-2.17438e-3
0.170016	594.613	2.99072e-3
0.174112	594.555	1.28174e-3
0.178208	594.555	-8.65936e-4
0.182304	594.555	-9.23157e-4
0.186400	594.555	2.32697e-3
0.190496	594.555	-6.40869e-4
0.194592	594.555	1.33514e-3
0.198688	594.555	2.28119e-3
0.202784	594.254	3.39127e-3
0.206880	594.254	-1.88446e-3
0.210976	594.254	4.95911e-5
0.215072	594.215	4.72641e-3
0.219168	594.215	-2.65884e-3
0.223264	594.215	4.48608e-3
0.227360	594.215	5.68390e-4
0.231456	594.215	3.87955e-3
0.235552	594.215	-9.99451e-4
0.239648	593.855	6.79016e-3
0.243744	593.855	-4.04739e-3
0.247840	593.855	4.39835e-3
0.251936	593.734	1.83487e-3
0.256032	593.734	-9.49860e-4
0.260128	593.734	1.07574e-3
0.264224	593.734	2.54440e-3
0.268320	593.734	7.11823e-3
0.272416	593.496	-3.35693e-3
0.276512	593.496	7.57599e-3
0.280608	593.496	-3.02124e-3
0.284704	593.496	3.46375e-3
0.290848	593.496	1.80817e-3
0.299040	593.293	-1.98746e-3
0.307232	593.293	5.45502e-4
0.315424	593.293	4.27246e-4
0.323616	593.094	1.32751e-3
0.331808	592.855	3.38745e-3
0.340000	592.855	7.82394e-3
0.348192	592.855	2.54440e-3
0.356384	592.715	3.16620e-3
0.364576	592.496	-9.42230e-4
0.372768	592.496	1.93405e-3
0.380960	592.336	5.22995e-3
0.389152	592.336	3.26157e-3
0.397344	592.133	3.46375e-3
0.405536	592.133	3.60870e-3
0.413728	592.133	7.28607e-4
0.421920	592.133	5.62286e-3
0.430112	592.133	4.89426e-3
0.438304	591.812	5.76782e-3
0.446496	591.793	0.0101204
0.454688	591.793	3.89481e-3
0.462880	591.492	1.18637e-3
0.471072	591.492	5.06973e-3
0.479264	591.215	-6.16455e-3
0.487456	591.215	7.10297e-3
0.495648	591.215	4.95148e-3
0.503840	591.133	6.34384e-3
0.512032	591.133	7.42340e-3
0.520224	591.133	2.89154e-3
0.528416	590.855	2.24304e-3
0.536608	590.855	2.90298e-3
0.544800	590.793	-1.82724e-3
0.552992	590.793	8.96454e-4
0.561184	590.492	4.26865e-3
0.569376	590.492	3.96347e-3
0.577568	590.492	3.15094e-3
0.585760	590.293	4.11987e-3
0.593952	590.293	8.12149e-3
0.602144	590.293	6.44684e-3
0.610336	590.074	3.92914e-3
0.622624	589.953	-4.08173e-3
0.639008	589.676	9.95636e-4
0.655392	589.453	6.42395e-3
0.671776	589.453	2.83432e-3
0.688160	589.355	4.22668e-3
0.704544	589.113	9.42993e-3
0.720928	588.895	3.40271e-3
0.737312	588.734	1.39999e-3
0.753696	588.734	4.40979e-3
0.770080	588.574	-2.51770e-4
0.786464	588.293	8.38089e-3
0.802848	588.074	7.45392e-3
0.819232	588.035	-5.17654e-3
0.835616	587.754	6.38580e-3
0.852000	587.754	5.47409e-3
0.868384	587.535	8.94547e-3
0.884768	587.273	6.42776e-3
0.901152	587.035	6.01578e-3
0.917536	586.992	9.09424e-3
0.933920	586.992	6.32858e-3
0.950304	586.734	8.95309e-3
0.966688	586.535	7.24030e-3
0.983072	586.332	7.53021e-3
0.999456	586.055	4.95148e-3
1.01584	586.055	0.0124550
1.03222	585.992	6.83212e-3
1.04861	585.793	8.41522e-3
1.06499	585.574	6.28662e-3
1.08138	585.332	0.0105286
1.09776	585.332	6.80542e-3
1.11414	585.133	0.0116005
1.13053	585.055	0.0111465
1.14691	585.055	5.79071e-3
1.16330	584.613	6.57654e-3
1.17968	584.395	8.52966e-3
1.19606	584.176	9.11713e-3
1.21245	584.176	7.71332e-3
1.22883	583.953	8.60596e-3
1.24522	583.754	0.0110817
1.26160	583.492	7.01523e-3
1.28618	583.355	9.05991e-3
1.31894	582.992	8.53348e-3
1.35171	582.793	0.0120316
1.38448	582.336	9.26208e-3
1.41725	581.895	0.0115318
1.45002	581.453	0.0109596
1.48278	581.414	0.0131569
1.51555	580.953	0.0147858
1.54832	580.496	0.0117111
1.58109	580.273	0.0129395
1.61386	579.953	0.0118752
1.64662	579.773	0.0133629
1.67939	579.293	0.0126839
1.71216	578.855	0.0109062
1.74493	578.773	0.0148125
1.77770	578.355	0.0134201
1.81046	577.895	0.0133781
1.84323	577.676	0.0189438
1.87600	577.355	0.0104523
1.90877	576.895	0.0148697
1.94154	576.695	0.0142975
1.97430	576.234	0.0149765
2.00707	575.934	0.0145416
2.03984	575.633	0.0144310
2.07261	575.395	0.0177383
2.10538	574.895	0.0161781
2.13814	574.695	0.0189857
2.17091	574.293	0.0191612
2.20368	574.074	0.0154648
2.23645	573.734	0.0176811
2.26922	573.535	0.0197830
2.30198	573.137	0.0202370
2.33475	572.637	0.0172691
2.36752	572.316	0.0190811
2.40029	572.113	0.0170975
2.43306	571.773	0.0205727
2.46582	571.453	0.0197105
2.49859	571.055	0.0202408
2.53136	570.637	0.0220490
2.56413	570.574	0.0255089
2.61328	569.773	0.0177498
2.67882	569.137	0.0226173
2.74435	568.555	0.0206757
2.80989	567.594	0.0211105
2.87542	567.195	0.0202675
2.94096	566.457	0.0301781
3.00650	565.836	0.0267982
3.07203	565.137	0.0335350
3.13757	564.555	0.0302925
3.20310	563.855	0.0308533
3.26864	563.238	0.0284920
3.33418	562.438	0.0342026
3.39971	561.855	0.0343781
3.46525	561.316	0.0384216
3.53078	560.496	0.0457726
3.59632	559.797	0.0391083
3.66186	559.238	0.0346336
3.72739	558.699	0.0417023
3.79293	557.918	0.0335464
3.85846	557.176	0.0447273
3.92400	556.598	0.0511703
3.98954	555.797	0.0480576
4.05507	555.219	0.0557899
4.12061	554.598	0.0520592
4.18614	553.855	0.0523987
4.25168	553.176	0.0462875
4.31722	552.457	0.0534706
4.38275	552.055	0.0585785
4.44829	551.336	0.0571823
4.51382	550.617	0.0617561
4.57936	549.855	0.0624390
4.64490	549.395	0.0647469
4.71043	548.535	0.0628662
4.77597	547.918	0.0627708
4.84150	547.316	0.0624046
5.59832	545.977	0.0531769
5.59886	545.977	0.0526390
5.59989	545.977	0.0531197
5.60091	545.977	0.0536766
5.60194	545.977	0.0535088
5.60296	545.977	0.0532875
5.60398	545.977	0.0535164
5.60501	545.977	0.0538101
5.60603	545.977	0.0538216
5.60706	545.977	0.0535088
5.60808	545.977	0.0530472
5.60910	545.977	0.0523033
5.61013	545.977	0.0519028
5.61115	545.977	0.0521011
5.61218	545.977	0.0527115
5.61320	545.977	0.0531082
5.61422	545.977	0.0532303
5.61525	545.977	0.0535088
5.61627	545.977	0.0540161
5.61730	545.977	0.0544205
5.61832	545.977	0.0547104
5.61934	545.977	0.0546417
5.62037	545.977	0.0545769
5.62139	545.977	0.0547409
5.62242	545.977	0.0548401
5.62344	545.977	0.0545311
5.62446	545.977	0.0530853
5.62549	545.977	0.0519485
5.62651	545.977	0.0512695
5.62754	545.977	0.0513458
5.62856	545.977	0.0516739
5.62958	545.977	0.0517693
5.63061	545.977	0.0517845
5.63163	545.977	0.0520020
5.63266	545.977	0.0523834
5.63368	545.977	0.0530205
5.63470	545.977	0.0536499
5.63573	545.977	0.0539551
5.63675	545.977	0.0539017
5.63778	545.977	0.0536156
5.63880	545.977	0.0533218
5.64034	545.977	0.0535316
5.64238	545.977	0.0534286
5.64443	545.977	0.0520287
5.64648	545.934	0.0518570
5.64853	545.934	0.0514946
5.65058	545.934	0.0513535
5.65262	545.934	0.0522690
5.65467	545.934	0.0537415
5.65672	545.934	0.0541077
5.65877	545.934	0.0521088
5.66082	545.934	0.0505409
5.66286	545.934	0.0503044
5.66491	545.934	0.0508347
5.66696	545.934	0.0509224
5.66901	545.934	0.0510788
5.67106	545.934	0.0522461
5.67310	545.934	0.0532227
5.67515	545.934	0.0529823
5.67720	545.934	0.0522461
5.67925	545.934	0.0524368
5.68130	545.934	0.0517769
5.68334	545.934	0.0517921
5.68539	545.934	0.0527229
5.68744	545.934	0.0528069
5.68949	545.934	0.0533028
5.69154	545.934	0.0535316
5.69358	545.934	0.0524406
5.69563	545.934	0.0525513
5.69768	545.934	0.0524597
5.69973	545.934	0.0508385
5.70178	545.934	0.0508080
5.70382	545.934	0.0517693
5.70587	545.934	0.0520325
5.70792	545.934	0.0515594
5.70997	545.934	0.0512810
5.71202	545.934	0.0519295
5.71406	545.934	0.0513496
5.71611	545.934	0.0500183
5.71816	545.934	0.0507317
5.72021	545.934	0.0513191
5.72328	545.934	0.0501747
5.72738	545.934	0.0528030
5.73147	545.934	0.0516319
5.73557	545.934	0.0500450
5.73966	545.934	0.0494537
5.74376	545.934	0.0517464
5.74786	545.934	0.0524254
5.75195	545.934	0.0521164
5.75605	545.934	0.0516243
5.76014	545.934	0.0507469
5.76424	545.934	0.0522919
5.76834	545.934	0.0500870
5.77243	545.934	0.0511093
5.77653	545.934	0.0484581
5.78062	545.934	0.0502396
5.78472	545.934	0.0501938
5.78882	545.934	0.0513229
5.79291	545.934	0.0490723
5.79701	545.934	0.0503082
5.80110	545.934	0.0489540
5.80520	545.934	0.0525551
5.80930	545.934	0.0502396
5.81339	545.934	0.0489082
5.81749	545.934	0.0501099
5.82158	545.934	0.0522804
5.82568	545.934	0.0500336
5.82978	545.934	0.0504189
5.83387	545.934	0.0492172
5.83797	545.934	0.0510674
5.84206	545.934	0.0498352
5.84616	545.934	0.0498695
5.85026	545.934	0.0473633
5.85435	545.934	0.0510674
5.85845	545.934	0.0495262
5.86254	545.934	0.0499802
5.86664	545.934	0.0486450
5.87074	545.934	0.0500793
5.87483	545.934	0.0493813
5.87893	545.934	0.0508804
5.88302	545.934	0.0493164
5.88917	545.934	0.0476151
5.89736	545.934	0.0491867
5.90555	545.934	0.0477409
5.91374	545.934	0.0500183
5.92194	545.934	0.0470085
5.93013	545.934	0.0486946
5.93832	545.934	0.0474281
5.94651	545.934	0.0492973
5.95470	545.934	0.0490952
5.96290	545.934	0.0485039
5.97109	545.934	0.0486641
5.97928	545.934	0.0481911
5.98747	545.934	0.0490265
5.99566	545.934	0.0480461
6.00386	545.934	0.0485611
6.01205	545.934	0.0473022
6.02024	545.934	0.0479164
6.02843	545.934	0.0494919
6.03662	545.934	0.0462456
6.04482	545.934	0.0490913
6.05301	545.934	0.0476875
6.06120	545.934	0.0483780
6.06939	545.934	0.0482254
6.07758	545.934	0.0465584
6.08578	545.934	0.0482368
6.09397	545.934	0.0475273
6.10216	545.934	0.0473289
6.11035	545.934	0.0470848
6.11854	545.934	0.0491714
6.12674	545.934	0.0469780
6.13493	545.934	0.0470390
6.14312	545.934	0.0470581
6.15131	545.934	0.0455437
6.15950	545.934	0.0473518
6.16770	545.934	0.0466499
6.17589	545.934	0.0483627
6.18408	545.934	0.0456123
6.19227	545.934	0.0463142
6.20046	545.934	0.0463219
6.20866	545.934	0.0458717
6.22094	545.934	0.0450172
6.23733	545.934	0.0451355
6.25371	545.934	0.0430946
6.27010	545.934	0.0435753
6.28648	545.934	0.0459824
6.30286	545.934	0.0444031
6.31925	545.934	0.0432243
6.33563	545.934	0.0439529
6.35202	545.934	0.0446320
6.36840	545.934	0.0434952
6.38478	545.934	0.0412292
6.40117	545.934	0.0427895
6.41755	545.934	0.0441017
6.43394	545.934	0.0444489
6.45032	545.914	0.0425797
6.46670	545.914	0.0430984
6.48309	545.914	0.0417213
6.49947	545.914	0.0423584
6.51586	545.914	0.0416451
6.53224	545.914	0.0421486
6.54862	545.914	0.0436020
6.56501	545.914	0.0431862
6.58139	545.914	0.0439529
6.59778	545.914	0.0419731
6.61416	545.914	0.0421066
6.63054	545.914	0.0417557
6.64693	545.914	0.0414619
6.66331	545.914	0.0396729
6.67970	545.914	0.0421295
6.69608	545.914	0.0426407
6.71246	545.914	0.0427895
6.72885	545.914	0.0422325
6.74523	545.914	0.0391693
6.76162	545.914	0.0407372
6.77800	545.914	0.0401764
6.79438	545.914	0.0404282
6.81077	545.914	0.0399551
6.82715	545.914	0.0395889
6.84354	545.914	0.0404663
6.85992	545.914	0.0389366
6.88450	545.914	0.0391388
6.91726	545.914	0.0386696
6.95003	545.914	0.0410423
6.98280	545.914	0.0385971
7.01557	545.914	0.0381241
7.04834	545.914	0.0367966
7.08110	545.895	0.0380287
7.11387	545.895	0.0383644
7.14664	545.895	0.0367813
7.17941	545.895	0.0382690
7.21218	545.895	0.0390892
7.24494	545.895	0.0363846
7.27771	545.895	0.0361977
7.31048	545.895	0.0357590
7.34325	545.895	0.0373917
7.37602	545.895	0.0357819
7.40878	545.895	0.0346069
7.44155	545.895	0.0356865
7.47432	545.895	0.0371361
7.50709	545.895	0.0355034
7.53986	545.895	0.0348053
7.57262	545.895	0.0343170
7.60539	545.895	0.0351753
7.63816	545.895	0.0346680
7.67093	545.895	0.0349503
7.70370	545.895	0.0345230
7.73646	545.895	0.0337563
7.76923	545.895	0.0342598
7.80200	545.895	0.0311012
7.83477	545.895	0.0316048
7.86754	545.895	0.0325966
7.90030	545.895	0.0324974
7.93307	545.895	0.0317917
7.96584	545.895	0.0316772
7.99861	545.895	0.0316925
8.03138	545.895	0.0317039
8.06414	545.895	0.0315475
8.09691	545.895	0.0319595
8.12968	545.895	0.0313873
8.16245	545.895	0.0330925
8.21160	545.895	0.0311661
8.27714	545.895	0.0307083
8.34267	545.895	0.0295296
8.40821	545.895	0.0299797
8.47374	545.895	0.0286560
8.53928	545.895	0.0290375
8.60482	545.895	0.0288734
8.67035	545.895	0.0300255
8.73589	545.895	0.0265236
8.80142	545.895	0.0286942
8.86696	545.852	0.0273895
8.93250	545.852	0.0286293
8.99803	545.852	0.0260506
9.06357	545.852	0.0275726
9.12910	545.852	0.0266953
9.19464	545.852	0.0288582
9.26018	545.852	0.0269127
9.32571	545.852	0.0277443
9.39125	545.852	0.0258560
9.45678	545.895	0.0268021
9.52232	545.895	0.0255280
9.58786	545.895	0.0261345
9.65339	545.852	0.0241203
9.71893	545.852	0.0267754
9.78446	545.852	0.0238647
9.85000	545.852	0.0246544
9.91554	545.852	0.0242271
9.98107	545.852	0.0242081
10.0466	545.852	0.0247688
10.1121	545.852	0.0257759
10.1777	545.852	0.0245323
10.2432	545.852	0.0239258
10.3088	545.852	0.0236626
10.3743	545.852	0.0237541
10.4398	545.852	0.0220757
10.5054	545.852	0.0231018
10.5709	545.852	0.0237579
10.6364	545.852	0.0231133
10.7020	545.852	0.0231247
10.7675	545.852	0.0234413
10.8658	545.852	0.0214233
10.9969	545.852	0.0212936
11.1280	545.852	0.0213394
11.2590	545.852	0.0227585
11.3901	545.852	0.0204239
11.5212	545.852	0.0214386
11.6522	545.852	0.0209236
11.7833	545.852	0.0187378
11.9144	545.852	0.0163193
12.0455	545.852	0.0176544
12.1765	545.852	0.0195084
12.3076	545.852	0.0190964
12.4387	545.855	0.0191803
12.5697	545.855	0.0181274
12.7008	545.855	0.0182152
12.8319	545.855	0.0178909
12.9630	545.855	0.0170135
13.0940	545.855	0.0185051
13.2251	545.855	0.0182648
13.3562	545.855	0.0178604
13.4872	545.855	0.0155144
13.6183	545.855	0.0161858
13.7494	545.855	0.0176735
13.8805	545.855	0.0166817
14.0115	545.855	0.0163536
14.1426	545.855	0.0167809
14.2737	545.855	0.0177422
14.4048	545.855	0.0146637
14.5358	545.855	0.0153694
14.6669	545.855	0.0165901
14.7980	545.855	0.0182152
14.9290	545.855	0.0176468
15.0601	545.855	0.0164833
15.1912	545.855	0.0176697
15.3223	545.855	0.0160561
15.4533	545.855	0.0148010
15.5844	545.855	0.0159874
15.7155	545.836	0.0177269
15.8465	545.836	0.0171013
15.9776	545.855	0.0164604
16.1742	545.855	0.0171623
16.4364	545.855	0.0165558
16.6985	545.836	0.0148811
16.9607	545.855	0.0145683
17.2228	545.855	7.70569e-3
17.4849	545.812	0.0156898
17.7471	545.812	0.0151100
18.0092	545.812	0.0136490
18.2714	545.812	0.0145340
18.5335	545.812	0.0119514
18.7957	545.812	0.0127258
19.0578	545.812	0.0121307
19.3200	545.812	0.0124741
19.5821	545.832	0.0122299
19.8442	545.812	0.0134888
20.1064	545.812	9.08661e-3
20.3685	545.832	0.0118675
20.6307	545.812	0.0122757
20.8928	545.832	0.0112457
21.1550	545.812	0.0103645
21.4171	545.812	0.0134010
21.6792	545.812	0.0116463
21.9414	545.812	0.0116310
22.2035	545.812	0.0118179
22.4657	545.816	7.90024e-3
22.7278	545.812	8.98743e-3
22.9900	545.812	0.0109100
23.2521	545.812	9.91058e-3
23.5143	545.812	7.99942e-3
23.7764	545.812	0.0117455
24.0385	545.812	0.0102196
24.3007	545.812	0.0102310
24.5628	545.812	0.0113640
24.8250	545.812	0.0105209
25.0871	545.812	0.0115242
25.3493	545.812	0.0119171
25.6114	545.812	9.62067e-3
25.8736	545.812	0.0110207
26.1357	545.812	0.0104904
26.3978	545.812	0.0106392
26.7911	545.812	0.0101242
27.3153	545.812	8.87680e-3
27.8396	545.832	8.57162e-3
28.3639	545.812	0.0102730
28.8882	545.812	7.16782e-3
29.4125	545.812	8.05664e-3
29.9368	545.812	9.00269e-3
30.4611	545.812	8.48389e-3
30.9854	545.812	8.38089e-3
31.5096	545.812	6.96945e-3
32.0339	545.812	7.04956e-3
32.5582	545.812	7.24411e-3
33.0825	545.812	9.05228e-3
33.6068	545.812	8.58307e-3
34.1311	545.812	8.96454e-3
34.6554	545.812	7.25174e-3
35.1797	545.812	7.80487e-3
35.7040	545.812	5.64957e-3
36.2282	545.816	6.67191e-3
36.7525	545.816	5.79453e-3
37.2768	545.816	6.04248e-3
37.8011	545.816	5.73730e-3
38.3254	545.816	5.63812e-3
38.8497	545.812	6.19125e-3
39.3740	545.816	4.80270e-3
39.8983	545.812	4.89044e-3
40.4225	545.812	5.08881e-3
40.9468	545.812	3.49045e-3
41.4711	545.812	5.01633e-3
41.9954	545.816	6.96182e-3
42.5197	545.816	6.29807e-3
43.0440	545.816	5.63049e-3
43.5683	545.812	5.72205e-3
44.0926	545.812	4.44794e-3
44.6168	545.812	5.18417e-3
45.1411	545.816	6.13022e-3
45.6654	545.816	4.86755e-3
46.1897	545.816	4.59290e-3
46.7140	545.816	5.03922e-3
47.2383	545.816	4.50516e-3
48.0247	545.812	4.94003e-3
49.0733	545.812	5.37109e-3
50.1219	545.812	5.60760e-3
51.1704	545.816	5.97763e-3
52.2190	545.812	3.50571e-3
56.4133	545.812	5.23758e-3
58.5105	545.812	5.00107e-3
60.6076	545.812	3.41415e-3
61.6562	545.793	4.11606e-3
62.7048	545.812	2.66266e-3
63.7534	545.793	3.24249e-3
64.8019	545.793	3.08990e-3
65.8505	545.793	3.81088e-3
66.8991	545.812	5.54276e-3
67.9477	545.793	4.70352e-3
68.9962	545.812	5.18417e-3
70.0448	545.793	4.91714e-3
71.0934	545.793	4.65012e-3
72.1420	545.793	4.56238e-3
73.1905	545.793	4.42505e-3
74.2391	545.793	3.56674e-3
75.2877	545.812	4.27628e-3
76.3363	545.793	5.94711e-3
77.3848	545.812	3.06320e-3
78.4334	545.793	2.34604e-3
79.4820	545.793	7.89642e-4
80.5306	545.793	1.60217e-3
81.5792	545.812	2.42996e-3
82.6277	545.793	1.99890e-3
83.6763	545.812	2.57111e-3
84.7249	545.793	4.23050e-3
85.7735	545.793	3.11661e-3
86.8220	545.793	1.99509e-3
87.8706	545.816	2.99454e-3
88.9192	545.797	3.70026e-3
90.4921	545.793	3.97491e-3
92.5892	545.770	2.17056e-3
94.6864	545.773	2.94113e-3
96.7835	545.773	1.43051e-3
98.8807	545.773	2.64359e-3
100.978	545.770	3.33405e-3
103.075	545.789	1.37329e-3
105.172	545.770	3.47900e-3
107.269	545.770	2.89917e-3
109.366	545.793	2.66266e-3
111.464	545.773	-4.88281e-4
113.561	545.789	3.19672e-3
115.658	545.789	4.03214e-3
117.755	545.770	3.75748e-3
119.852	545.770	-2.40707e-3
121.949	545.770	-1.48773e-4
124.046	545.773	6.75201e-4
126.144	545.770	1.73569e-3
128.241	545.773	1.17493e-3
130.338	545.770	2.72369e-3
132.435	545.773	3.16620e-3
134.532	545.773	8.04901e-4
136.629	545.770	2.39944e-3
138.727	545.770	1.35422e-3
140.824	545.770	5.37872e-4
142.921	545.770	-4.99725e-4
145.018	545.770	1.27029e-3
147.115	545.773	2.01035e-3
149.212	545.770	7.32422e-4
151.309	545.770	1.36566e-3
153.407	545.770	2.90298e-3
155.504	545.770	2.49863e-3
157.601	545.770	3.05176e-3
159.698	545.770	1.14059e-3
161.795	545.770	-6.14166e-4
163.892	545.773	-3.01361e-4
165.990	545.773	1.20163e-3
168.087	545.773	-3.05176e-5
170.184	545.773	2.55203e-3
172.281	545.770	2.01797e-3
175.427	545.770	3.05176e-5
179.621	545.773	1.84631e-3
183.815	545.770	-3.66211e-4
188.010	545.789	7.32422e-4
192.204	545.770	8.20160e-4
196.398	545.766	1.80435e-3
200.593	545.770	3.28064e-4
204.787	545.770	7.28607e-4
208.981	545.766	4.46320e-4
213.175	545.770	1.30081e-3
217.370	545.766	9.04083e-4
221.564	545.766	-2.97546e-4
225.758	545.766	2.59399e-4
229.953	545.770	-2.21252e-4
234.147	545.770	1.50299e-3
238.341	545.770	1.51062e-3
242.536	545.770	1.04523e-3
246.730	545.789	1.75858e-3
250.924	545.770	-1.14441e-5
255.118	545.770	1.10245e-3
259.313	545.770	8.85010e-4
263.507	545.770	6.63757e-4
267.701	545.770	6.59943e-4
271.896	545.773	6.56128e-4
276.090	545.773	-2.67029e-4
280.284	545.770	2.05994e-4
284.479	545.770	-7.36237e-4
288.673	545.789	9.80377e-4
292.867	545.770	-2.82288e-4
297.062	545.766	2.09808e-4
301.256	545.770	2.09045e-3