Time	Gap	Axial force
s	µm	N
0.00000	899.484	-1.25504e-3
5.44000e-4	899.484	-1.39236e-3
1.56800e-3	899.484	-1.15204e-3
2.59200e-3	899.484	-7.17163e-4
3.61600e-3	899.484	-5.60760e-4
4.64000e-3	899.484	-1.05286e-3
5.66400e-3	899.484	-2.01416e-3
6.68800e-3	899.484	-2.45285e-3
7.71200e-3	899.484	-1.69754e-3
8.73600e-3	899.484	-8.01086e-5
9.76000e-3	899.484	8.43048e-4
0.0107840	899.484	3.16620e-4
0.0118080	899.484	-6.06537e-4
0.0128320	899.484	-1.38474e-3
0.0138560	899.484	-1.85776e-3
0.0148800	899.484	-1.67847e-3
0.0159040	899.484	-1.26648e-3
0.0169280	899.484	-9.11713e-4
0.0179520	899.484	-1.52588e-5
0.0189760	899.484	1.91879e-3
0.0200000	899.484	4.28391e-3
0.0210240	899.484	4.69589e-3
0.0220480	899.484	2.02942e-3
0.0230720	899.484	-2.61307e-3
0.0240960	899.484	-5.92041e-3
0.0251200	899.484	-5.84030e-3
0.0261440	899.484	-2.59018e-3
0.0271680	899.484	7.66754e-4
0.0281920	899.484	2.49481e-3
0.0292160	899.406	1.88828e-3
0.0302400	899.406	8.01086e-5
0.0312640	899.406	-6.06537e-4
0.0322880	899.406	1.17111e-3
0.0333120	899.406	3.39890e-3
0.0343360	899.406	4.43649e-3
0.0353600	899.406	3.50571e-3
0.0363840	899.406	1.09482e-3
0.0374080	899.406	-8.35419e-4
0.0384320	899.406	-1.17493e-3
0.0394560	899.406	5.34058e-5
0.0404800	899.406	2.02179e-3
0.0420160	899.406	5.08499e-3
0.0440640	899.406	7.28989e-3
0.0461120	899.406	2.82288e-3
0.0481600	899.406	-5.34821e-3
0.0502080	899.406	-9.88007e-4
0.0522560	899.203	3.32642e-3
0.0543040	899.203	-1.33133e-3
0.0563520	899.203	-1.31226e-3
0.0584000	899.203	2.94113e-3
0.0604480	899.203	5.18799e-4
0.0624960	899.203	-1.30463e-3
0.0645440	899.203	1.41907e-3
0.0665920	899.203	4.28772e-3
0.0686400	899.203	7.53021e-3
0.0706880	899.203	-1.44958e-4
0.0727360	899.203	-6.64902e-3
0.0747840	899.203	2.00653e-3
0.0768320	898.984	2.59781e-3
0.0788800	898.984	-2.24686e-3
0.0809280	898.984	1.04904e-3
0.0829760	898.984	8.12531e-3
0.0850240	898.984	9.96017e-3
0.0870720	898.984	-7.93457e-4
0.0891200	898.766	-4.51660e-3
0.0911680	898.766	3.08609e-3
0.0932160	898.766	4.81415e-3
0.0952640	898.766	-8.31604e-4
0.0973120	898.766	1.99890e-3
0.0993600	898.766	5.66864e-3
0.101408	898.766	1.99890e-3
0.103456	898.766	2.02179e-4
0.105504	898.766	4.77600e-3
0.107552	898.766	6.01959e-3
0.109600	898.766	6.13785e-3
0.111648	898.484	6.87027e-3
0.113696	898.484	-2.81143e-3
0.115744	898.484	-2.06757e-3
0.117792	898.484	5.26047e-3
0.119840	898.484	2.75803e-3
0.121888	898.484	-1.52588e-4
0.124960	898.484	3.88718e-3
0.129056	898.484	9.04083e-4
0.133152	898.484	3.18527e-3
0.137248	898.266	4.54712e-3
0.141344	898.266	1.91498e-3
0.145440	898.266	2.51007e-3
0.149536	898.125	6.91605e-3
0.153632	898.125	8.81958e-3
0.157728	898.125	1.94550e-4
0.161824	898.125	3.23868e-3
0.165920	898.125	4.55093e-3
0.170016	897.785	1.35040e-3
0.174112	897.785	7.19833e-3
0.178208	897.785	2.23160e-3
0.182304	897.785	4.74548e-3
0.186400	897.785	2.94495e-3
0.190496	897.785	2.56348e-3
0.194592	897.703	6.95038e-3
0.198688	897.703	9.71985e-3
0.202784	897.703	7.62939e-5
0.206880	897.484	6.35147e-3
0.210976	897.484	5.35202e-3
0.215072	897.484	7.09915e-3
0.219168	897.484	6.59943e-3
0.223264	897.484	4.07410e-3
0.227360	897.484	0.0104332
0.231456	897.484	-2.38800e-3
0.235552	897.203	7.00378e-3
0.239648	897.203	4.71115e-3
0.243744	897.203	4.69589e-3
0.247840	897.203	6.21033e-3
0.251936	897.203	6.07300e-3
0.256032	897.203	0.0140190
0.260128	896.984	-5.98907e-4
0.264224	896.984	8.02612e-3
0.268320	896.984	6.05011e-3
0.272416	896.844	7.65991e-3
0.276512	896.844	6.23703e-3
0.280608	896.844	3.45230e-3
0.284704	896.844	3.75748e-3
0.290848	896.543	4.10461e-3
0.299040	896.426	6.21414e-3
0.307232	896.426	5.03159e-3
0.315424	896.426	9.79996e-3
0.323616	896.426	9.38797e-3
0.331808	896.203	3.98636e-3
0.340000	896.203	4.98199e-3
0.348192	896.203	6.98090e-3
0.356384	895.906	2.81525e-3
0.364576	895.906	9.30405e-3
0.372768	895.703	0.0180054
0.380960	895.703	7.97653e-3
0.389152	895.465	6.27136e-3
0.397344	895.344	6.81305e-3
0.405536	895.344	9.55963e-3
0.413728	895.344	8.46863e-3
0.421920	895.125	0.0101471
0.430112	895.125	6.57272e-3
0.438304	894.844	0.0121155
0.446496	894.844	0.0111771
0.454688	894.844	0.0145721
0.462880	894.844	0.0110016
0.471072	894.785	0.0137825
0.479264	894.566	0.0117836
0.487456	894.566	0.0171852
0.495648	894.324	0.0119820
0.503840	894.324	7.49588e-3
0.512032	894.324	5.19180e-3
0.520224	894.047	0.0140915
0.528416	894.047	0.0163879
0.536608	894.047	0.0134239
0.544800	894.047	0.0110588
0.552992	893.984	0.0126038
0.561184	893.984	0.0109062
0.569376	893.707	0.0125427
0.577568	893.484	7.82394e-3
0.585760	893.484	0.0118217
0.593952	893.484	0.0104370
0.602144	893.266	9.00650e-3
0.610336	893.266	0.0104637
0.622624	893.047	0.0146561
0.639008	893.047	0.0149994
0.655392	892.902	0.0142746
0.671776	892.684	0.0115700
0.688160	892.406	0.0109520
0.704544	892.344	0.0140572
0.720928	892.125	1.13678e-3
0.737312	891.844	0.0137978
0.753696	891.703	6.04630e-3
0.770080	891.703	0.0165024
0.786464	891.562	7.68280e-3
0.802848	891.246	0.0221062
0.819232	890.984	0.0122337
0.835616	890.926	0.0198784
0.852000	890.926	0.0118256
0.868384	890.688	0.0108452
0.884768	890.426	0.0137825
0.901152	890.348	0.0112228
0.917536	890.188	0.0124092
0.933920	890.188	0.0126839
0.950304	889.848	0.0160027
0.966688	889.605	0.0135269
0.983072	889.527	0.0166512
0.999456	889.328	0.0145149
1.01584	889.328	0.0182877
1.03222	889.125	6.94275e-3
1.04861	888.766	0.0162086
1.06499	888.688	8.54111e-3
1.08138	888.465	0.0151482
1.09776	888.465	3.59344e-3
1.11414	888.066	0.0221443
1.13053	888.066	0.0158768
1.14691	887.848	0.0173874
1.16330	887.707	0.0165596
1.17968	887.566	0.0211525
1.19606	887.246	0.0159073
1.21245	887.246	0.0225296
1.22883	887.207	0.0134964
1.24522	886.965	0.0160904
1.26160	886.625	0.0146866
1.28618	886.344	0.0127716
1.31894	885.984	0.0161858
1.35171	885.766	0.0185394
1.38448	885.406	0.0175934
1.41725	885.145	0.0224419
1.45002	884.766	0.0205688
1.48278	884.488	0.0208321
1.51555	884.148	0.0135155
1.54832	883.785	0.0111847
1.58109	883.469	0.0109406
1.61386	883.105	0.0134888
1.64662	882.887	0.0189972
1.67939	882.527	0.0264282
1.71216	882.125	0.0217819
1.74493	881.906	0.0184250
1.77770	881.566	0.0151062
1.81046	881.207	0.0173073
1.84323	880.988	0.0173645
1.87600	880.566	0.0112038
1.90877	880.125	0.0204124
1.94154	879.988	0.0204430
1.97430	879.625	8.11005e-3
2.00707	879.328	0.0204926
2.03984	878.988	0.0224724
2.07261	878.625	0.0150681
2.10538	878.125	0.0161209
2.13814	878.066	0.0176353
2.17091	877.566	0.0167770
2.20368	877.426	0.0182495
2.23645	876.984	0.0177116
2.26922	876.645	0.0270538
2.30198	876.387	0.0159378
2.33475	876.129	0.0162430
2.36752	875.848	0.0208435
2.40029	875.387	0.0242844
2.43306	875.066	0.0176964
2.46582	874.629	0.0174370
2.49859	874.527	0.0230637
2.53136	874.129	0.0126114
2.56413	873.688	0.0156555
2.61328	873.187	0.0124931
2.67882	872.527	0.0270157
2.74435	871.852	0.0144691
2.80989	871.152	0.0210075
2.87542	870.492	0.0192108
2.94096	869.848	0.0257187
3.00650	869.285	0.0223923
3.07203	868.426	0.0240669
3.13757	867.926	0.0192375
3.20310	867.266	0.0182762
3.26864	866.406	0.0142784
3.33418	865.887	0.0191002
3.39971	865.148	0.0187645
3.46525	864.687	0.0196609
3.53078	864.148	0.0163002
3.59632	863.145	0.0213242
3.66186	862.566	0.0156097
3.72739	861.848	0.0197105
3.79293	861.270	0.0138855
3.85846	860.609	0.0135803
3.92400	860.066	0.0131836
3.98954	859.207	0.0242386
4.05507	858.547	0.0217743
4.12061	858.070	0.0157509
4.18614	857.488	0.0127563
4.25168	856.527	0.0157738
4.31722	856.109	0.0184250
4.38275	855.488	0.0226936
4.44829	854.629	0.0218353
4.51382	854.031	0.0263214
4.57936	853.410	0.0216446
4.64490	852.848	0.0239258
4.71043	852.066	0.0203171
4.77597	851.406	0.0208054
4.84150	850.789	0.0204086
4.90704	850.129	0.0164108
4.97258	849.348	0.0173607
5.03811	848.789	0.0167618
5.10365	848.109	0.0208778
5.16918	847.328	0.0213242
5.26749	846.207	0.0185776
5.39856	844.629	0.0231400
5.52963	843.488	0.0240288
5.66070	842.105	0.0198059
5.79178	840.906	0.0206413
6.40937	839.051	0.0136452
6.40991	839.051	0.0136337
6.41093	839.051	0.0136948
6.41196	839.051	0.0138855
6.41298	839.051	0.0142097
6.41401	839.051	0.0147285
6.41503	839.051	0.0155220
6.41605	839.051	0.0161934
6.41708	839.051	0.0159264
6.41810	839.051	0.0140228
6.41913	839.051	0.0127487
6.42015	839.051	0.0120735
6.42117	839.051	0.0121384
6.42220	839.051	0.0125504
6.42322	839.051	0.0127563
6.42425	839.051	0.0125046
6.42527	839.051	0.0119781
6.42629	839.051	0.0116005
6.42732	839.051	0.0117264
6.42834	839.051	0.0124283
6.42937	839.051	0.0129852
6.43039	839.051	0.0129547
6.43141	839.051	0.0125809
6.43244	839.051	0.0124664
6.43346	839.051	0.0129700
6.43449	839.051	0.0135612
6.43551	839.051	0.0138321
6.43653	839.051	0.0135689
6.43756	839.051	0.0131149
6.43858	839.051	0.0126915
6.43961	839.051	0.0124626
6.44063	839.051	0.0124893
6.44165	839.051	0.0123558
6.44268	839.051	0.0117378
6.44370	839.051	0.0108719
6.44473	839.051	0.0104942
6.44575	839.051	0.0107155
6.44677	839.051	0.0115738
6.44780	839.051	0.0124168
6.44882	839.051	0.0130959
6.44985	839.051	0.0135536
6.45138	839.051	0.0139885
6.45343	839.051	0.0141106
6.45548	839.051	0.0133591
6.45753	839.051	0.0135612
6.45957	839.051	0.0127449
6.46162	839.027	0.0123520
6.46367	839.027	0.0131378
6.46572	839.027	0.0130844
6.46777	839.027	0.0132446
6.46981	839.027	0.0144539
6.47186	839.027	0.0141907
6.47596	839.027	0.0132561
6.47801	839.027	0.0127144
6.48005	839.027	0.0121765
6.48210	839.027	0.0124550
6.48415	839.027	0.0109673
6.48620	839.027	0.0111237
6.48825	839.027	0.0125237
6.49029	839.027	0.0125847
6.49234	839.027	0.0114479
6.49439	839.027	0.0101585
6.49644	839.027	0.0108261
6.49849	839.027	0.0118332
6.50053	839.027	0.0106010
6.50258	839.027	9.27353e-3
6.50463	839.027	0.0113220
6.50668	839.027	0.0145760
6.50873	839.027	0.0140228
6.51077	839.027	0.0131302
6.51282	839.027	0.0130272
6.51487	839.027	0.0128059
6.51692	839.027	0.0123749
6.51897	839.027	0.0136147
6.52101	839.027	0.0136566
6.52306	839.027	0.0130043
6.52511	839.027	0.0132675
6.52716	839.027	0.0130615
6.52921	839.027	0.0128593
6.53125	839.027	0.0111961
6.53433	839.027	0.0106430
6.53842	839.027	0.0113564
6.54252	839.027	0.0121307
6.54661	839.027	0.0107307
6.55071	839.027	0.0102882
6.55481	839.027	0.0105782
6.55890	839.027	9.94492e-3
6.56300	839.027	0.0127487
6.56709	839.027	0.0113335
6.57119	839.027	0.0115166
6.57529	839.027	0.0129852
6.57938	839.027	0.0141792
6.58348	839.027	0.0122719
6.58757	839.027	9.91440e-3
6.59167	839.027	0.0107727
6.59577	839.027	0.0105133
6.59986	839.027	0.0105553
6.60396	839.027	0.0110931
6.60805	839.027	9.96017e-3
6.61215	839.027	0.0111237
6.61625	839.027	0.0124893
6.62034	839.027	0.0124893
6.62444	839.027	0.0117264
6.62853	839.027	0.0118256
6.63263	839.027	0.0109673
6.63673	839.027	0.0119591
6.64082	839.027	0.0122871
6.64492	839.027	0.0112114
6.64901	839.027	0.0100746
6.65311	839.027	0.0107803
6.65721	839.027	0.0108948
6.66130	838.988	0.0106964
6.66540	838.988	0.0100212
6.66949	838.988	0.0104713
6.67359	838.988	0.0122414
6.67769	838.988	0.0118637
6.68178	838.988	0.0116005
6.68588	838.988	0.0143433
6.68997	838.988	0.0133858
6.69407	838.988	0.0120468
6.70021	838.988	7.65610e-3
6.70841	838.988	9.16672e-3
6.71660	838.988	7.38907e-3
6.72479	838.988	0.0111198
6.73298	838.988	0.0115891
6.74117	838.988	9.86099e-3
6.74937	838.988	0.0107880
6.75756	838.988	9.07135e-3
6.76575	838.988	0.0101929
6.77394	838.988	8.90732e-3
6.78213	838.988	0.0105324
6.79033	838.988	0.0108833
6.79852	838.988	8.69370e-3
6.80671	838.988	8.83102e-3
6.81490	838.988	9.19724e-3
6.82309	838.988	8.76236e-3
6.83129	838.988	0.0100822
6.83948	838.988	0.0110283
6.84767	838.988	0.0103416
6.85586	838.988	0.0102386
6.86405	838.988	7.93076e-3
6.87225	838.988	8.57925e-3
6.88044	838.988	9.93347e-3
6.88863	838.988	9.74655e-3
6.89682	838.988	0.0108032
6.90501	838.988	8.93784e-3
6.91321	838.988	8.89587e-3
6.92140	838.988	7.05338e-3
6.92959	838.988	9.78088e-3
6.93778	838.988	9.45282e-3
6.94597	838.988	0.0104408
6.95417	838.988	0.0113640
6.96236	838.988	9.07135e-3
6.97055	838.988	0.0101166
6.97874	838.988	5.93185e-3
6.98693	838.988	8.43811e-3
6.99513	838.988	8.79288e-3
7.00332	838.988	9.15146e-3
7.01151	838.988	0.0111084
7.01970	838.988	8.22067e-3
7.03199	838.988	6.92749e-3
7.04837	838.988	7.43484e-3
7.06476	838.988	8.79669e-3
7.08114	838.988	8.66699e-3
7.09753	838.988	8.91113e-3
7.11391	838.988	9.84955e-3
7.13029	838.988	6.06537e-3
7.14668	838.988	6.98090e-3
7.16306	838.988	8.78525e-3
7.17945	838.988	7.31277e-3
7.19583	838.988	5.57327e-3
7.21221	838.988	7.91550e-3
7.22860	838.988	9.24301e-3
7.24498	838.988	6.31332e-3
7.26137	838.992	6.04248e-3
7.27775	838.992	9.53293e-3
7.29413	838.992	5.79453e-3
7.31052	838.992	5.35202e-3
7.32690	838.992	7.19833e-3
7.34329	838.992	0.0114403
7.35967	838.992	5.55420e-3
7.37605	838.992	8.66699e-3
7.39244	838.992	8.77762e-3
7.40882	838.992	5.84030e-3
7.42521	838.992	4.60815e-3
7.44159	838.992	8.90350e-3
7.45797	838.992	7.16019e-3
7.47436	838.992	5.63049e-3
7.49074	838.992	7.46155e-3
7.50713	838.992	8.93784e-3
7.52351	838.992	5.18036e-3
7.53989	838.992	6.40106e-3
7.55628	838.992	8.43811e-3
7.57266	838.992	6.17599e-3
7.58905	838.992	5.88608e-3
7.60543	838.992	7.63702e-3
7.62181	838.992	7.20978e-3
7.63820	838.992	6.11115e-3
7.65458	838.992	6.16837e-3
7.67097	838.969	7.19452e-3
7.69554	838.969	6.09970e-3
7.72831	838.969	6.47354e-3
7.76108	838.969	6.88553e-3
7.79385	838.969	4.90570e-3
7.82661	838.969	6.45828e-3
7.85938	838.969	3.52859e-3
7.89215	838.969	7.39670e-3
7.92492	838.969	5.93567e-3
7.95769	838.969	4.31442e-3
7.99045	838.969	6.22940e-3
8.02322	838.969	3.92151e-3
8.05599	838.969	6.38962e-3
8.08876	838.973	5.36346e-3
8.12153	838.973	4.31442e-3
8.15429	838.973	4.74548e-3
8.18706	838.973	3.17001e-3
8.21983	838.973	4.14276e-3
8.25260	838.973	3.65067e-3
8.28537	838.973	3.94058e-3
8.31813	838.973	4.36401e-3
8.35090	838.973	2.95258e-3
8.38367	838.973	5.44739e-3
8.41644	838.973	4.75311e-3
8.44921	838.973	4.96292e-3
8.48197	838.969	4.68826e-3
8.51474	838.969	3.94440e-3
8.54751	838.969	6.19125e-3
8.58028	838.969	4.56238e-3
8.61305	838.969	4.43268e-3
8.64581	838.969	4.60815e-3
8.67858	838.930	5.01251e-3
8.71135	838.930	5.43213e-3
8.74412	838.930	3.11661e-3
8.77689	838.930	3.76892e-3
8.80965	838.930	3.24631e-3
8.84242	838.930	4.02069e-3
8.87519	838.930	4.58908e-3
8.90796	838.930	4.25720e-3
8.94073	838.930	5.41306e-3
8.97349	838.930	3.50571e-3
9.02265	838.930	5.58853e-3
9.08818	838.930	5.98526e-3
9.15372	838.930	4.06647e-3
9.21925	838.930	4.08936e-3
9.28479	838.930	3.93677e-3
9.35033	838.930	4.04739e-3
9.41586	838.930	3.75748e-3
9.48140	838.934	5.80215e-3
9.54693	838.934	4.15421e-3
9.61247	838.934	2.23923e-3
9.67801	838.934	2.68173e-3
9.74354	838.934	3.82614e-3
9.80908	838.934	4.92096e-3
9.87461	838.930	4.72260e-3
9.94015	838.930	4.91333e-3
10.0057	838.930	2.13623e-3
10.0712	838.910	3.92914e-3
10.1368	838.910	5.63049e-3
10.2023	838.910	4.57001e-3
10.2678	838.914	1.20926e-3
10.3334	838.914	2.50626e-3
10.3989	838.914	2.65884e-3
10.4644	838.914	5.92041e-3
10.5300	838.914	5.12314e-3
10.5955	838.914	5.18799e-3
10.6610	838.914	2.82669e-3
10.7266	838.914	3.70789e-3
10.7921	838.914	2.71606e-3
10.8577	838.914	3.34167e-3
10.9232	838.914	1.28555e-3
10.9887	838.914	7.63702e-3
11.0543	838.914	5.98907e-3
11.1198	838.914	6.95419e-3
11.1853	838.914	1.15967e-3
11.2509	838.914	1.02615e-3
11.3164	838.914	2.02560e-3
11.3819	838.914	5.28717e-3
11.4475	838.914	3.79562e-3
11.5130	838.914	4.04739e-3
11.5786	838.914	2.33078e-3
11.6769	838.918	3.54004e-3
11.8079	838.918	3.45612e-3
11.9390	838.918	2.09808e-3
12.0701	838.914	3.73840e-3
12.2011	838.914	2.85339e-3
12.3322	838.922	3.23868e-3
12.4633	838.918	4.11987e-3
12.5944	838.918	3.77655e-3
12.7254	838.918	4.21906e-3
12.8565	838.918	2.90680e-3
12.9876	838.918	5.28717e-3
13.1186	838.918	3.73840e-3
13.2497	838.918	6.05392e-3
13.3808	838.918	3.23868e-3
13.5119	838.914	4.03595e-3
13.6429	838.914	6.72150e-3
13.7740	838.918	2.25067e-3
13.9051	838.922	2.78854e-3
14.0361	838.922	2.87247e-3
14.1672	838.922	2.83813e-3
14.2983	838.918	3.21579e-3
14.4294	838.918	3.43704e-3
14.5604	838.918	3.04413e-3
14.6915	838.918	2.71988e-3
14.8226	838.918	1.75476e-3
14.9537	838.918	3.01361e-3
15.0847	838.918	2.94495e-3
15.2158	838.918	3.60870e-3
15.3469	838.918	2.99454e-3
15.4779	838.918	1.89209e-3
15.6090	838.918	5.70679e-3
15.7401	838.922	3.23105e-3
15.8712	838.918	2.81143e-3
16.0022	838.918	3.42178e-3
16.1333	838.918	2.87628e-3
16.2644	838.918	4.52805e-3
16.3954	838.918	3.18909e-3
16.5265	838.918	3.57437e-3
16.6576	838.918	2.96021e-3
16.7887	838.898	4.44794e-3
16.9853	838.918	3.02505e-3
17.2474	838.918	3.63541e-3
17.5096	838.918	4.77600e-3
17.7717	838.898	2.28119e-3
18.0338	838.902	4.29535e-3
18.2960	838.922	3.53622e-3
18.5581	838.898	2.04468e-3
18.8203	838.922	2.74658e-3
19.0824	838.902	4.52423e-3
19.3446	838.922	3.59726e-3
19.6067	838.902	2.47574e-3
19.8689	838.922	2.21252e-3
20.1310	838.922	3.17383e-3
20.3931	838.922	4.56619e-3
20.6553	838.902	2.93350e-3
20.9174	838.898	4.45557e-3
21.1796	838.922	2.61688e-3
21.4417	838.902	3.23868e-3
21.7039	838.906	3.25775e-3
21.9660	838.902	5.98907e-4
22.2282	838.906	4.08554e-3
22.4903	838.902	2.22015e-3
22.7524	838.906	2.67410e-3
23.0146	838.906	8.77380e-5
23.2767	838.906	2.82288e-3
23.5389	838.906	2.15149e-3
23.8010	838.906	2.85721e-3
24.0632	838.910	2.81906e-3
24.3253	838.906	4.98199e-3
24.5874	838.906	2.78854e-3
24.8496	838.910	3.48663e-3
25.1117	838.906	3.07083e-3
25.3739	838.906	2.91443e-3
25.6360	838.906	1.83105e-3
25.8982	838.906	3.93677e-3
26.1603	838.906	3.87192e-3
26.4225	838.906	3.71552e-3
26.6846	838.902	2.89917e-3
26.9467	838.906	3.86047e-3
27.2089	838.906	4.06265e-3
27.6021	838.906	4.42123e-3
28.1264	838.906	1.93405e-3
28.6507	838.910	1.97220e-3
29.1750	838.910	1.38474e-3
29.6993	838.910	3.72696e-3
30.2235	838.910	2.79617e-3
30.7478	838.871	3.60489e-3
31.2721	838.875	5.39780e-3
31.7964	838.875	2.40326e-4
32.3207	838.871	3.77655e-3
32.8450	838.871	3.69644e-3
33.3693	838.871	3.34930e-3
33.8936	838.875	4.23431e-3
34.4178	838.871	1.28937e-3
34.9421	838.871	4.54712e-3
35.4664	838.875	3.91006e-3
35.9907	838.875	2.26212e-3
36.5150	838.875	4.16183e-3
37.0393	838.875	2.80762e-3
37.5636	838.875	4.42123e-3
38.0879	838.875	3.73077e-3
38.6122	838.875	3.58963e-3
39.1364	838.875	2.72751e-3
39.6607	838.879	1.04904e-3
40.1850	838.875	2.79999e-3
40.7093	838.879	1.13297e-3
41.2336	838.879	3.64304e-3
41.7579	838.879	3.10135e-3
42.2822	838.883	2.34222e-3
42.8065	838.887	2.76184e-3
43.3307	838.883	8.58307e-4
43.8550	838.879	2.43759e-3
44.3793	838.887	1.58310e-3
44.9036	838.883	2.87628e-3
45.4279	838.883	3.35693e-3
45.9522	838.883	2.82669e-3
46.4765	838.883	3.07083e-3
47.0008	838.887	1.93405e-3
47.5250	838.887	1.54495e-3
48.0493	838.883	3.31879e-3
48.8358	838.887	5.00107e-3
49.8843	838.887	3.70789e-3
50.9329	838.887	2.63214e-3
51.9815	838.887	2.85721e-3
53.0301	838.891	3.74222e-3
54.0786	838.887	3.86810e-3
55.1272	838.891	3.69644e-3
56.1758	838.891	3.63541e-3
57.2244	838.891	2.59781e-3
58.2729	838.875	1.94550e-3
59.3215	838.898	2.39182e-3
60.3701	838.902	1.48010e-3
61.4187	838.898	3.09753e-3
62.4673	838.898	1.08337e-3
63.5158	838.902	2.10571e-3
64.5644	838.902	3.31116e-3
65.6130	838.898	2.96783e-3
66.6616	838.879	2.89536e-3
67.7101	838.902	2.60925e-3
68.7587	838.883	2.05994e-3
69.8073	838.902	3.15475e-3
70.8559	838.906	3.26920e-3
71.9044	838.887	2.99072e-3
72.9530	838.887	1.61743e-3
74.0016	838.887	2.62833e-3
75.0502	838.887	2.15530e-3
76.0987	838.906	3.02505e-3
77.1473	838.891	3.19672e-3
78.1959	838.910	2.33078e-3
79.2445	838.914	2.73895e-3
80.2931	838.895	1.59454e-3
81.3416	838.891	2.55203e-3
82.3902	838.895	1.50681e-3
83.4388	838.895	2.56729e-3
84.4874	838.898	-4.42505e-4
85.5359	838.898	2.70844e-4
86.5845	838.898	1.51062e-3
87.6331	838.898	4.31061e-3
88.6817	838.898	3.15475e-3
89.7302	838.902	2.60925e-3
91.3031	838.902	2.27356e-3
93.4003	838.906	2.76566e-3
95.4974	838.906	1.31989e-3
97.5946	838.875	3.04413e-3
99.6917	838.910	3.73077e-3
101.789	838.867	2.66647e-3
103.886	838.871	2.78091e-3
105.983	838.914	8.88824e-4
108.080	838.875	4.44794e-3
110.177	838.879	4.08173e-3
112.275	838.875	2.52151e-3
114.372	838.879	4.71497e-3
116.469	838.883	3.46375e-3
118.566	838.887	6.52313e-4
120.663	838.883	5.62286e-3
122.760	838.891	1.63269e-3
124.858	838.891	3.71170e-3
126.955	838.891	2.78091e-3
129.052	838.891	2.45285e-3
131.149	838.895	2.76947e-3
133.246	838.898	3.97491e-3
135.343	838.898	3.97873e-3
137.440	838.898	2.54059e-3
139.538	838.902	3.31116e-3
141.635	838.906	1.83868e-3
143.732	838.906	3.42941e-3
145.829	838.906	1.42670e-3
147.926	838.906	3.48663e-3
150.023	838.910	3.19672e-3
152.120	838.895	8.69751e-4
154.218	838.918	2.34222e-3
156.315	838.918	2.48337e-3
158.412	838.918	9.84192e-4
160.509	838.922	4.26865e-3
162.606	838.922	2.50244e-3
164.703	838.926	3.43704e-3
166.801	838.930	2.25449e-3
168.898	838.930	2.89917e-4
170.995	838.930	1.72043e-3
173.092	838.910	3.80325e-3
176.238	838.934	3.05557e-3
180.432	838.914	1.66702e-3
184.626	838.938	2.31934e-3
188.821	838.941	3.56293e-3
193.015	838.926	2.72751e-3
197.209	838.930	2.49481e-3
201.404	838.934	4.02451e-3
205.598	838.938	1.94931e-3
209.792	838.938	2.61307e-3
213.986	838.945	2.67792e-3
218.181	838.945	3.71552e-3
222.375	838.945	2.79236e-3
226.569	838.969	3.47900e-3
230.764	838.957	2.67029e-3
234.958	838.957	3.06320e-3
239.152	838.965	2.40707e-3
243.347	838.961	2.74658e-3
247.541	838.969	2.99454e-3
251.735	838.973	1.39236e-3
255.930	838.977	2.02560e-3
260.124	838.973	2.69318e-3
264.318	838.980	3.22342e-3
268.512	838.984	2.18201e-3
272.707	838.988	1.65176e-3
276.901	838.988	3.51334e-3
281.095	838.992	2.84576e-3
285.290	839.000	2.19727e-3
289.484	839.000	1.75476e-3
293.678	839.004	2.41852e-3
297.873	839.008	2.93732e-3
302.067	839.012	3.39127e-3