Time	Gap	Axial force
s	µm	N
1.44009e-8	899.473	-3.39508e-4
5.43996e-4	899.473	-1.48773e-4
1.56800e-3	899.473	-9.19342e-4
2.59201e-3	899.473	-2.33078e-3
3.61599e-3	899.473	-3.30734e-3
4.64000e-3	899.473	-3.03650e-3
5.66401e-3	899.473	-1.60599e-3
6.68801e-3	899.473	-4.95911e-4
7.71199e-3	899.473	-4.57764e-4
8.73600e-3	899.473	-1.43814e-3
9.76001e-3	899.473	-1.97983e-3
0.0107840	899.473	-2.08664e-3
0.0118080	899.430	-1.62506e-3
0.0128320	899.430	-8.20160e-4
0.0138560	899.430	-2.74658e-4
0.0148800	899.430	6.10352e-5
0.0159040	899.430	6.48499e-4
0.0169280	899.430	1.60599e-3
0.0179520	899.430	2.01035e-3
0.0189760	899.430	9.07898e-4
0.0200000	899.430	-1.23215e-3
0.0210240	899.430	-2.69699e-3
0.0220480	899.430	-2.29645e-3
0.0230720	899.430	-1.44958e-4
0.0240960	899.430	3.05939e-3
0.0251200	899.430	5.84793e-3
0.0261440	899.430	6.83212e-3
0.0271680	899.430	4.10080e-3
0.0281920	899.430	-1.39999e-3
0.0292160	899.430	-6.95038e-3
0.0302400	899.430	-8.02612e-3
0.0312640	899.430	-4.29916e-3
0.0322880	899.430	-3.77655e-4
0.0333120	899.430	1.62125e-3
0.0343360	899.430	4.80652e-4
0.0353600	899.430	-2.14767e-3
0.0363840	899.430	-3.94058e-3
0.0374080	899.270	-3.28827e-3
0.0384320	899.270	-1.25122e-3
0.0394560	899.270	6.90460e-4
0.0404800	899.270	1.30844e-3
0.0420160	899.270	1.09863e-3
0.0440640	899.270	2.82288e-4
0.0461120	899.270	-2.83432e-3
0.0481600	899.270	-3.99780e-3
0.0502080	899.270	-2.72369e-3
0.0522560	899.270	-2.78091e-3
0.0543040	899.270	-2.18964e-3
0.0563520	899.270	-3.35693e-4
0.0584000	899.270	1.76620e-3
0.0604480	899.270	5.06592e-3
0.0624960	899.012	-4.73022e-4
0.0645440	899.012	-5.86700e-3
0.0665920	899.012	-2.34604e-3
0.0686400	899.012	-4.19617e-5
0.0706880	899.012	-1.93787e-3
0.0727360	899.012	-5.34058e-5
0.0747840	899.012	4.08173e-4
0.0768320	898.793	3.47137e-4
0.0788800	898.793	1.79291e-4
0.0809280	898.793	-2.97928e-3
0.0829760	898.793	-2.58255e-3
0.0850240	898.793	3.54767e-3
0.0870720	898.793	5.31769e-3
0.0891200	898.793	-3.57056e-3
0.0911680	898.793	-6.52695e-3
0.0932160	898.793	1.71661e-4
0.0952640	898.793	-1.64032e-3
0.0973120	898.793	-2.64740e-3
0.0993600	898.633	7.59125e-4
0.101408	898.633	-4.11987e-4
0.103456	898.633	-4.33731e-3
0.105504	898.633	-2.28882e-3
0.107552	898.633	6.79016e-4
0.109600	898.633	-1.97983e-3
0.111648	898.633	-4.02069e-3
0.113696	898.633	9.15527e-4
0.115744	898.633	3.12805e-4
0.117792	898.633	-6.03485e-3
0.119840	898.633	-2.68555e-3
0.121888	898.633	5.23376e-3
0.124960	898.391	-7.24030e-3
0.129056	898.391	1.93787e-3
0.133152	898.391	-1.61743e-3
0.137248	898.113	-4.92096e-4
0.141344	898.113	-2.40326e-4
0.145440	898.113	-2.47955e-4
0.149536	898.113	0.0105362
0.153632	898.113	-0.0126381
0.157728	898.113	-6.06537e-4
0.161824	898.070	-2.67792e-3
0.165920	898.070	-2.51770e-3
0.170016	898.070	-3.81470e-6
0.174112	898.070	-3.49426e-3
0.178208	898.070	6.03867e-3
0.182304	898.070	-9.52911e-3
0.186400	897.711	5.21088e-3
0.190496	897.711	-3.08609e-3
0.194592	897.711	2.28500e-3
0.198688	897.512	-2.93732e-4
0.202784	897.512	-4.50134e-4
0.206880	897.512	1.10626e-4
0.210976	897.512	9.91821e-5
0.215072	897.512	8.19397e-3
0.219168	897.512	-9.38797e-3
0.223264	897.371	3.54767e-3
0.227360	897.371	-5.16510e-3
0.231456	897.371	1.97220e-3
0.235552	897.371	-3.65829e-3
0.239648	897.152	9.23157e-4
0.243744	897.152	6.71387e-3
0.247840	897.152	-7.95364e-3
0.251936	897.152	3.60107e-3
0.256032	897.152	-1.17874e-3
0.260128	896.934	2.29263e-3
0.264224	896.934	1.56403e-3
0.268320	896.934	-1.13297e-3
0.272416	896.934	6.91223e-3
0.276512	896.934	-8.39233e-3
0.280608	896.934	3.17764e-3
0.284704	896.750	-4.38690e-4
0.290848	896.750	-4.53949e-4
0.299040	896.492	8.77380e-3
0.307232	896.492	4.60815e-3
0.315424	896.492	2.60162e-3
0.323616	896.293	3.56674e-3
0.331808	896.293	-6.22559e-3
0.340000	896.293	-2.64359e-3
0.348192	896.152	1.65558e-3
0.356384	895.910	5.79071e-3
0.364576	895.910	2.31552e-3
0.372768	895.633	3.52478e-3
0.380960	895.633	2.02942e-3
0.389152	895.594	-7.28607e-4
0.397344	895.594	1.55258e-3
0.405536	895.293	1.13678e-3
0.413728	895.293	-2.28882e-4
0.421920	895.293	-4.86374e-3
0.430112	895.293	1.22452e-3
0.438304	895.070	-6.02722e-4
0.446496	895.070	9.19342e-3
0.454688	895.012	2.31171e-3
0.462880	895.012	1.26266e-3
0.471072	894.711	5.60760e-4
0.479264	894.711	-4.78363e-3
0.487456	894.512	-1.54495e-3
0.495648	894.512	-1.94550e-3
0.503840	894.512	4.80270e-3
0.512032	894.512	2.31171e-3
0.520224	894.512	3.44849e-3
0.528416	894.410	2.42996e-3
0.536608	894.172	-1.82343e-3
0.544800	893.953	2.41852e-3
0.552992	893.953	-2.71225e-3
0.561184	893.953	-3.29971e-3
0.569376	893.672	-1.70517e-3
0.577568	893.672	8.65173e-3
0.585760	893.453	5.53131e-3
0.593952	893.453	3.99399e-3
0.602144	893.453	-3.47137e-4
0.610336	893.453	-0.0102158
0.622624	893.391	4.73022e-4
0.639008	893.133	5.92422e-3
0.655392	892.910	-1.52588e-4
0.671776	892.852	-5.98907e-4
0.688160	892.492	-6.86646e-5
0.704544	892.391	0.0113678
0.720928	892.391	2.70844e-3
0.737312	892.172	-6.03867e-3
0.753696	891.992	-4.79126e-3
0.770080	891.711	1.72806e-3
0.786464	891.633	3.47900e-3
0.802848	891.453	2.01797e-3
0.819232	891.453	3.57437e-3
0.835616	891.230	1.43814e-3
0.852000	890.953	0.0100670
0.868384	890.754	1.87302e-3
0.884768	890.633	2.20490e-3
0.901152	890.633	-1.57928e-3
0.917536	890.312	3.15475e-3
0.933920	890.254	1.42288e-3
0.950304	890.031	3.00980e-3
0.966688	889.773	4.81033e-3
0.983072	889.594	5.32913e-3
0.999456	889.594	-4.17328e-3
1.01584	889.352	6.10352e-5
1.03222	889.113	1.96075e-3
1.04861	889.074	6.20651e-3
1.06499	888.832	7.36237e-4
1.08138	888.594	2.42996e-3
1.09776	888.594	1.69754e-3
1.11414	888.371	5.48935e-3
1.13053	888.133	1.95313e-3
1.14691	887.914	3.65829e-3
1.16330	887.672	-1.37329e-4
1.17968	887.672	0.0106239
1.19606	887.633	5.65338e-3
1.21245	887.395	-5.90897e-3
1.22883	887.172	-4.53949e-4
1.24522	886.934	3.76892e-3
1.26160	886.934	5.32150e-3
1.28618	886.473	1.55258e-3
1.31894	886.191	4.16946e-3
1.35171	885.953	1.23978e-3
1.38448	885.512	2.30408e-3
1.41725	885.293	1.65939e-3
1.45002	884.992	5.83649e-3
1.48278	884.512	0.0115356
1.51555	884.215	-4.07028e-3
1.54832	883.934	1.90735e-3
1.58109	883.555	2.07901e-3
1.61386	883.273	8.70895e-3
1.64662	882.992	2.07520e-3
1.67939	882.594	8.84628e-3
1.71216	882.273	8.15964e-3
1.74493	881.992	4.65012e-3
1.77770	881.473	3.21960e-3
1.81046	881.293	1.58691e-3
1.84323	880.871	3.05557e-3
1.87600	880.473	6.75201e-3
1.90877	880.313	5.62668e-3
1.94154	879.773	4.21906e-3
1.97430	879.531	4.35638e-3
2.00707	879.215	7.21741e-3
2.03984	878.992	6.18744e-3
2.07261	878.594	9.16290e-3
2.10538	878.293	-3.05176e-5
2.13814	877.895	9.67026e-3
2.17091	877.734	6.71768e-3
2.20368	877.313	6.77490e-3
2.23645	876.871	5.79071e-3
2.26922	876.734	5.29480e-3
2.30198	876.191	8.79288e-3
2.33475	875.852	6.57272e-3
2.36752	875.812	2.70081e-3
2.40029	875.352	0.0125275
2.43306	874.871	2.18582e-3
2.46582	874.711	0.0108337
2.49859	874.371	-1.32370e-3
2.53136	874.031	0.0151825
2.56413	873.812	-5.17273e-3
2.61328	873.152	9.91821e-5
2.67882	872.293	9.20105e-3
2.74435	871.734	6.13785e-3
2.80989	871.113	6.51932e-3
2.87542	870.313	4.24194e-3
2.94096	869.730	0.0114403
3.00650	869.172	0.0120392
3.07203	868.613	0.0134468
3.13757	867.793	2.26212e-3
3.20310	867.113	0.0117493
3.26864	866.570	7.75528e-3
3.33418	865.871	0.0191345
3.39971	865.070	0.0118141
3.46525	864.551	1.38855e-3
3.53078	863.832	0.0129280
3.59632	862.992	0.0114822
3.66186	862.473	0.0109558
3.72739	861.910	0.0123024
3.79293	861.133	0.0139122
3.85846	860.531	7.67899e-3
3.92400	859.789	0.0154686
3.98954	859.152	0.0156822
4.05507	858.629	0.0165062
4.12061	857.770	0.0167618
4.18614	857.250	0.0117912
4.25168	856.668	4.61578e-3
4.31722	855.871	0.0169792
4.38275	855.270	0.0217133
4.44829	854.648	0.0182495
4.51382	854.070	6.01578e-3
4.57936	853.148	0.0183144
4.64490	852.629	0.0166664
4.71043	852.148	0.0139961
4.77597	851.469	0.0184326
4.84150	850.547	0.0188942
4.90704	850.148	0.0221405
5.42431	849.348	0.0144768
5.42485	849.348	0.0141220
5.42588	849.348	0.0146103
5.42690	849.348	0.0156555
5.42793	849.348	0.0163689
5.42895	849.348	0.0161858
5.42997	849.348	0.0154839
5.43100	849.348	0.0146332
5.43202	849.348	0.0148201
5.43305	849.348	0.0155373
5.43407	849.348	0.0161400
5.43509	849.348	0.0164795
5.43612	849.348	0.0164032
5.43714	849.348	0.0161514
5.43817	849.348	0.0159225
5.43919	849.348	0.0155296
5.44021	849.348	0.0148506
5.44124	849.348	0.0141029
5.44226	849.348	0.0138168
5.44329	849.348	0.0143242
5.44431	849.348	0.0149307
5.44533	849.348	0.0150337
5.44636	849.348	0.0146561
5.44738	849.348	0.0143051
5.44841	849.348	0.0141335
5.44943	849.348	0.0145187
5.45045	849.348	0.0153122
5.45148	849.348	0.0157051
5.45250	849.348	0.0154190
5.45353	849.348	0.0148697
5.45455	849.348	0.0144043
5.45557	849.348	0.0145645
5.45660	849.348	0.0155106
5.45762	849.309	0.0166245
5.45865	849.309	0.0170746
5.45967	849.309	0.0166626
5.46069	849.309	0.0159187
5.46172	849.309	0.0151024
5.46274	849.309	0.0147552
5.46377	849.309	0.0147972
5.46479	849.309	0.0150528
5.46633	849.309	0.0158920
5.46837	849.309	0.0162315
5.47042	849.309	0.0153313
5.47247	849.309	0.0154495
5.47452	849.309	0.0167618
5.47657	849.309	0.0167503
5.47861	849.309	0.0151825
5.48066	849.309	0.0152092
5.48271	849.309	0.0147285
5.48476	849.309	0.0140800
5.48681	849.309	0.0151176
5.48885	849.309	0.0149536
5.49090	849.309	0.0146942
5.49295	849.309	0.0149117
5.49500	849.309	0.0150642
5.49705	849.309	0.0142097
5.49909	849.309	0.0130997
5.50114	849.309	0.0143471
5.50319	849.309	0.0159683
5.50524	849.309	0.0155525
5.50729	849.309	0.0153770
5.50933	849.309	0.0156784
5.51138	849.309	0.0149078
5.51343	849.309	0.0152206
5.51548	849.309	0.0160789
5.51753	849.309	0.0154991
5.51957	849.309	0.0155640
5.52162	849.309	0.0151901
5.52367	849.309	0.0151825
5.52572	849.309	0.0158577
5.52777	849.309	0.0155983
5.52981	849.309	0.0153503
5.53186	849.309	0.0156784
5.53391	849.309	0.0141144
5.53596	849.309	0.0132179
5.53801	849.309	0.0146103
5.54005	849.309	0.0158653
5.54210	849.309	0.0166817
5.54415	849.309	0.0150452
5.54620	849.309	0.0149231
5.54927	849.309	0.0148125
5.55337	849.309	0.0156136
5.55746	849.309	0.0141754
5.56156	849.309	0.0143089
5.56565	849.309	0.0150566
5.56975	849.309	0.0148964
5.57385	849.309	0.0147362
5.57794	849.309	0.0168076
5.58613	849.309	0.0139427
5.59023	849.309	0.0159378
5.59433	849.309	0.0140076
5.59842	849.309	0.0160217
5.60252	849.309	0.0152626
5.60661	849.309	0.0145721
5.61071	849.309	0.0143394
5.61481	849.309	0.0149002
5.61890	849.309	0.0151634
5.62300	849.309	0.0154343
5.62709	849.309	0.0154915
5.63119	849.309	0.0133896
5.63529	849.309	0.0155373
5.63938	849.309	0.0168228
5.64348	849.309	0.0142517
5.64757	849.309	0.0147057
5.65167	849.309	0.0148659
5.65577	849.309	0.0141220
5.65986	849.309	0.0158310
5.66396	849.309	0.0145760
5.66805	849.309	0.0153160
5.67215	849.309	0.0148964
5.67625	849.309	0.0150871
5.68034	849.309	0.0147934
5.68444	849.309	0.0151100
5.68853	849.309	0.0162773
5.69263	849.309	0.0141144
5.69673	849.309	0.0160561
5.70082	849.309	0.0150414
5.70492	849.309	0.0126648
5.70901	849.309	0.0163574
5.71516	849.309	0.0147858
5.72335	849.309	0.0140686
5.73154	849.309	0.0148163
5.73973	849.309	0.0132980
5.74793	849.309	0.0160713
5.75612	849.309	0.0140572
5.76431	849.309	0.0155334
5.77250	849.309	0.0151978
5.78069	849.309	0.0148849
5.78889	849.309	0.0150948
5.79708	849.309	0.0143890
5.80527	849.309	0.0150032
5.81346	849.309	0.0134583
5.82165	849.309	0.0156059
5.82985	849.309	0.0139656
5.83804	849.309	0.0147896
5.84623	849.309	0.0158081
5.85442	849.309	0.0134811
5.86261	849.309	0.0148697
5.87081	849.309	0.0135689
5.87900	849.309	0.0151863
5.88719	849.309	0.0124016
5.89538	849.309	0.0135612
5.90357	849.309	0.0147057
5.91177	849.309	0.0133171
5.91996	849.309	0.0142021
5.92815	849.309	0.0127258
5.93634	849.309	0.0136032
5.94453	849.309	0.0121994
5.95273	849.309	0.0131798
5.96092	849.309	0.0130463
5.96911	849.309	0.0139236
5.97730	849.309	0.0140800
5.98549	849.309	0.0128288
5.99369	849.309	0.0128784
6.00188	849.309	0.0127373
6.01007	849.309	0.0133934
6.01826	849.309	0.0128479
6.02645	849.309	0.0137596
6.03465	849.309	0.0132294
6.04693	849.309	0.0133705
6.06332	849.289	0.0138664
6.07970	849.289	0.0137138
6.09609	849.289	0.0135498
6.11247	849.289	0.0125046
6.12885	849.289	0.0132065
6.14524	849.289	0.0121841
6.16162	849.289	0.0110855
6.17801	849.289	0.0122681
6.19439	849.289	0.0143013
6.21077	849.289	0.0136948
6.22716	849.289	0.0138245
6.24354	849.289	0.0117874
6.25993	849.289	0.0126305
6.27631	849.289	0.0138779
6.29269	849.289	0.0144691
6.30908	849.289	0.0133667
6.32546	849.289	0.0137749
6.34185	849.289	0.0136108
6.35823	849.289	0.0136299
6.37461	849.289	0.0135078
6.39100	849.289	0.0109062
6.40738	849.289	0.0119057
6.42377	849.289	0.0126648
6.44015	849.289	0.0117302
6.45653	849.289	0.0126572
6.47292	849.270	0.0132484
6.48930	849.270	0.0120659
6.50569	849.270	0.0119743
6.52207	849.270	0.0112610
6.53845	849.270	0.0114250
6.55484	849.270	0.0102844
6.57122	849.270	0.0111198
6.58761	849.270	0.0121765
6.60399	849.270	0.0120087
6.62037	849.270	0.0121307
6.63676	849.270	0.0105019
6.65314	849.270	9.92584e-3
6.66953	849.270	0.0106049
6.68591	849.270	9.60159e-3
6.71049	849.270	0.0116806
6.74325	849.270	0.0133514
6.77602	849.270	0.0110054
6.80879	849.270	0.0115204
6.90709	849.270	0.0100327
6.93986	849.270	0.0108795
6.97263	849.270	0.0104332
7.00540	849.270	0.0116425
7.03817	849.270	9.53293e-3
7.07093	849.270	9.69696e-3
7.10370	849.270	9.18579e-3
7.13647	849.270	0.0111923
7.16924	849.270	0.0104713
7.20201	849.270	9.91440e-3
7.23477	849.270	0.0102768
7.26754	849.270	0.0106506
7.30031	849.270	9.59396e-3
7.33308	849.270	9.23157e-3
7.36585	849.270	0.0110245
7.39861	849.270	0.0119781
7.43138	849.270	9.35364e-3
7.46415	849.250	0.0110512
7.49692	849.250	9.34601e-3
7.52969	849.250	0.0111885
7.56245	849.250	0.0104713
7.59522	849.250	0.0106392
7.62799	849.250	0.0101891
7.66076	849.250	0.0108261
7.69353	849.250	9.35745e-3
7.72629	849.250	8.78525e-3
7.75906	849.250	0.0115967
7.79183	849.250	0.0119362
7.82460	849.250	8.56400e-3
7.85737	849.250	9.64355e-3
7.89013	849.250	8.93402e-3
7.92290	849.250	0.0117111
7.95567	849.250	0.0100441
7.98844	849.250	9.23920e-3
8.03759	849.250	0.0103264
8.10313	849.250	9.33456e-3
8.16866	849.250	0.0108833
8.23420	849.250	8.02994e-3
8.29973	849.250	9.97162e-3
8.36527	849.250	8.43430e-3
8.43081	849.250	8.17490e-3
8.49634	849.250	9.62448e-3
8.56188	849.250	0.0103340
8.62741	849.250	8.16345e-3
8.69295	849.250	0.0101013
8.75849	849.250	8.23593e-3
8.82402	849.250	7.88879e-3
8.88956	849.250	7.27463e-3
8.95509	849.250	8.36945e-3
9.02063	849.250	7.64847e-3
9.08617	849.230	7.19070e-3
9.15170	849.230	6.59943e-3
9.21724	849.230	7.89642e-3
9.28277	849.250	8.14438e-3
9.34831	849.250	7.83157e-3
9.41385	849.250	8.62122e-3
9.47938	849.250	7.78198e-3
9.54492	849.250	7.62558e-3
9.61045	849.250	-0.0301666
9.67599	849.211	-0.0197067
9.74153	849.211	-4.81033e-3
9.80706	849.211	2.38037e-3
9.87260	849.230	5.64194e-3
9.93813	849.230	9.09424e-3
10.0037	849.230	7.79343e-3
10.0692	849.207	6.34384e-3
10.1347	849.207	4.99725e-3
10.2003	849.207	4.99344e-3
10.2658	849.207	1.59454e-3
10.3314	849.207	3.71170e-3
10.3969	849.207	1.91879e-3
10.4624	849.207	2.52151e-3
10.5280	849.207	2.44141e-3
10.5935	849.207	5.75638e-3
10.6918	849.207	8.47626e-3
10.8229	849.207	0.0113449
10.9539	849.207	0.0108070
11.0850	849.207	6.42395e-3
11.2161	849.207	3.65829e-3
11.3472	849.207	6.09589e-3
11.4782	849.207	7.03430e-3
11.6093	849.207	9.55200e-3
11.7404	849.187	7.78580e-3
11.8714	849.207	2.31171e-3
12.0025	849.207	3.86047e-3
12.1336	849.207	7.36618e-3
12.2647	849.211	6.73294e-3
12.3957	849.211	7.42722e-3
12.5268	849.211	7.18307e-3
12.6579	849.211	4.34113e-3
12.7889	849.211	6.24466e-3
12.9200	849.211	8.37708e-3
13.0511	849.211	7.43866e-3
13.1822	849.211	7.16400e-3
13.3132	849.191	6.45065e-3
13.4443	849.211	7.55692e-3
13.5754	849.211	6.59180e-3
13.7065	849.211	6.10733e-3
13.8375	849.191	5.47409e-3
13.9686	849.191	6.59943e-3
14.0997	849.211	4.44412e-3
14.2307	849.211	6.67953e-3
14.3618	849.211	5.88989e-3
14.4929	849.211	3.23868e-3
14.6240	849.211	4.71115e-3
14.7550	849.207	2.97546e-3
14.8861	849.207	3.55911e-3
15.0172	849.207	2.80380e-3
15.1482	849.207	4.64630e-3
15.2793	849.207	2.03705e-3
15.4104	849.207	3.43704e-3
15.5415	849.207	5.08881e-3
15.6725	849.207	3.26538e-3
15.8036	849.207	3.08228e-3
16.0002	849.207	2.21252e-3
16.2624	849.207	4.56238e-3
16.5245	849.187	4.40979e-3
16.7866	849.207	2.75421e-3
17.0488	849.211	3.25775e-3
17.3109	849.211	3.72696e-3
17.5731	849.191	6.38199e-3
17.8352	849.211	4.69208e-3
18.0974	849.191	3.46375e-3
18.3595	849.211	5.08499e-3
18.6217	849.191	5.85938e-3
18.8838	849.191	5.81360e-3
19.1459	849.211	4.53949e-3
19.4081	849.191	4.72641e-3
19.6702	849.191	3.00598e-3
19.9324	849.191	4.29916e-3
20.1945	849.211	3.10135e-3
20.4567	849.211	4.87518e-3
20.7188	849.211	4.05121e-3
20.9809	849.191	5.81360e-3
21.2431	849.191	4.07410e-3
21.5052	849.211	1.93024e-3
21.7674	849.191	3.38364e-3
22.0295	849.191	1.98746e-3
22.2917	849.191	3.29590e-3
22.5538	849.191	3.42560e-3
22.8160	849.211	3.82614e-3
23.0781	849.191	3.88718e-3
23.3402	849.211	3.17383e-3
23.6024	849.191	5.76019e-3
23.8645	849.191	4.92859e-3
24.1267	849.211	5.93185e-3
24.3888	849.191	4.02832e-3
24.6510	849.191	6.88553e-3
24.9131	849.191	3.79562e-3
25.1753	849.191	5.36728e-3
25.4374	849.191	6.15692e-3
25.6995	849.191	5.59235e-3
25.9617	849.191	4.82941e-3
26.2238	849.191	3.92532e-3
26.6170	849.187	2.59399e-3
27.1413	849.187	3.30734e-3
27.6656	849.207	2.54059e-3
28.1899	849.187	-6.52313e-4
28.7142	849.187	2.20490e-3
29.2385	849.187	2.86102e-4
29.7628	849.187	7.97272e-4
30.2871	849.191	3.00598e-3
30.8113	849.191	2.39944e-3
31.3356	849.191	2.54822e-3
31.8599	849.211	3.02887e-3
32.3842	849.191	4.52423e-3
32.9085	849.191	4.05884e-3
33.4328	849.191	4.46320e-3
33.9571	849.191	2.32315e-3
34.4814	849.191	2.10190e-3
35.0057	849.191	1.67084e-3
35.5299	849.191	3.79562e-3
36.0542	849.191	3.25012e-3
36.5785	849.191	3.48282e-3
37.1028	849.191	3.69644e-3
37.6271	849.191	4.36401e-3
38.1514	849.191	3.64685e-3
38.6757	849.211	4.42123e-3
39.2000	849.191	4.80270e-3
39.7242	849.191	3.82614e-3
40.2485	849.191	2.13242e-3
40.7728	849.191	4.41742e-3
41.2971	849.191	3.15094e-3
41.8214	849.191	3.38364e-3
42.3457	849.191	-2.44522e-3
42.8700	849.191	-5.00107e-3
43.3943	849.191	6.10352e-4
43.9186	849.191	-6.54984e-3
44.4428	849.191	-1.25885e-4
44.9671	849.172	-8.20160e-4
45.4914	849.191	3.00217e-3
46.0157	849.195	2.46811e-3
46.5400	849.172	3.47137e-3
47.0643	849.172	5.51605e-3
47.8507	849.191	1.54877e-3
48.8993	849.191	2.60162e-3
49.9479	849.191	6.90460e-4
50.9964	849.191	1.29318e-3
52.0450	849.191	8.21304e-3
53.0936	849.191	1.28174e-3
54.1422	849.172	9.20486e-3
55.1907	849.191	9.93729e-3
56.2393	849.191	1.71661e-4
57.2879	849.195	1.68228e-3
58.3365	849.195	2.05231e-3
59.3850	849.191	3.69644e-3
60.4336	849.191	2.27737e-3
61.4822	849.172	3.05176e-3
62.5308	849.195	2.64359e-3
63.5794	849.172	5.45502e-4
64.6279	849.195	3.33405e-3
65.6765	849.195	2.43378e-3
66.7251	849.172	2.08664e-3
67.7737	849.191	6.45828e-3
68.8222	849.191	2.08664e-3
69.8708	849.191	4.51279e-3
70.9194	849.195	1.33133e-3
71.9680	849.195	1.48773e-3
73.0165	849.195	1.83105e-3
74.0651	849.191	1.89590e-3
75.1137	849.172	8.50677e-4
76.1623	849.172	2.00272e-3
77.2108	849.195	2.89917e-3
78.2594	849.195	1.29700e-4
79.3080	849.172	1.44958e-4
80.3566	849.191	3.91006e-3
81.4051	849.191	5.87463e-3
82.4537	849.176	2.94876e-3
83.5023	849.176	2.20871e-3
84.5509	849.172	1.09100e-3
85.5994	849.172	1.66702e-3
86.6480	849.172	2.45285e-3
87.6966	849.172	3.46756e-3
88.7452	849.172	2.80380e-3
90.3180	849.172	2.08282e-3
92.4152	849.172	-1.26266e-3
94.5123	849.152	3.31879e-4
96.6095	849.148	2.20871e-3
98.7066	849.152	7.43866e-4
100.804	849.152	1.69373e-3
102.901	849.152	1.85394e-3
104.998	849.152	3.33405e-3
107.095	849.156	5.41687e-4
109.192	849.152	7.32422e-4
111.290	849.152	6.82831e-4
113.387	849.152	2.55585e-3
115.484	849.152	-4.07410e-3
117.581	849.156	2.12097e-3
119.678	849.152	1.51062e-3
121.775	849.152	2.49481e-3
123.872	849.152	2.94495e-3
125.970	849.152	1.07956e-3
128.067	849.152	1.56403e-3
130.164	849.152	2.77328e-3
132.261	849.152	4.05502e-3
134.358	849.152	1.73569e-3
136.455	849.152	4.53949e-4
138.553	849.152	-3.39508e-4
140.650	849.152	2.41852e-3
142.747	849.152	7.04575e-3
144.844	849.133	3.85284e-4
146.941	849.152	2.24686e-3
149.038	849.152	2.56348e-3
151.135	849.152	6.44684e-4
153.233	849.152	1.18256e-4
155.330	849.152	-1.90735e-4
157.427	849.152	1.66321e-3
159.524	849.152	8.01086e-5
161.621	849.152	7.93457e-4
163.718	849.152	1.07574e-3
165.816	849.152	2.15912e-3
167.913	849.156	-1.91879e-3
170.010	849.152	8.58307e-4
172.107	849.152	1.15585e-3
175.253	849.133	7.20978e-4
179.447	849.133	1.17874e-3
183.641	849.156	2.63214e-3
187.836	849.152	8.77380e-4
192.030	849.156	1.11771e-3
196.224	849.156	2.88010e-3
200.419	849.152	-8.77380e-5
204.613	849.133	2.69699e-3
208.807	849.133	2.10190e-3
213.001	849.137	9.80377e-4
217.196	849.137	5.68390e-4
221.390	849.137	1.12152e-3
225.584	849.133	1.77002e-3
229.779	849.137	-1.14441e-4
233.973	849.137	2.38800e-3
238.167	849.137	1.10626e-4
242.362	849.137	1.14441e-3
246.556	849.156	6.17981e-4
250.750	849.137	1.88446e-3
254.944	849.137	1.31989e-3
259.139	849.137	1.50299e-3
263.333	849.137	7.05719e-4
267.527	849.137	-7.51495e-4
271.722	849.137	1.55258e-3
275.916	849.137	-4.92096e-4
280.110	849.113	-4.69208e-4
284.305	849.137	-6.86646e-4
288.499	849.137	-3.81470e-6
292.693	849.137	2.34985e-3
296.888	849.137	1.97983e-3
301.082	849.137	2.12097e-3