Time	Gap	Axial force
s	µm	N
0.00000	293.848	-3.08990e-3
5.44000e-4	293.848	-2.01416e-3
1.56800e-3	293.848	5.87463e-4
2.59200e-3	293.848	2.74277e-3
3.61600e-3	293.848	3.05557e-3
4.64000e-3	293.848	2.10190e-3
5.66400e-3	293.848	9.11713e-4
6.68800e-3	293.848	4.65393e-4
7.71200e-3	293.848	6.33240e-4
8.73600e-3	293.848	1.06049e-3
9.76000e-3	293.848	1.43814e-3
0.0107840	293.848	1.62888e-3
0.0118080	293.848	1.41907e-3
0.0128320	293.848	1.64032e-3
0.0138560	293.766	3.50571e-3
0.0148800	293.766	6.83212e-3
0.0159040	293.766	5.53131e-3
0.0169280	293.766	7.40051e-4
0.0179520	293.766	-3.93295e-3
0.0189760	293.766	-5.68008e-3
0.0200000	293.766	-3.87192e-3
0.0210240	293.766	-1.67847e-4
0.0220480	293.766	2.69318e-3
0.0230720	293.766	3.14331e-3
0.0240960	293.766	1.72424e-3
0.0251200	293.766	1.56403e-4
0.0261440	293.766	-4.65393e-4
0.0271680	293.766	4.84467e-4
0.0281920	293.766	2.37274e-3
0.0292160	293.766	3.52859e-3
0.0302400	293.766	2.95639e-3
0.0312640	293.766	1.25122e-3
0.0322880	293.766	-9.46045e-4
0.0333120	293.766	-2.33841e-3
0.0343360	293.766	-2.35748e-3
0.0353600	293.766	9.15527e-5
0.0363840	293.766	1.83105e-3
0.0374080	293.566	2.49863e-3
0.0384320	293.566	1.91879e-3
0.0394560	293.566	1.13297e-3
0.0404800	293.566	2.19727e-3
0.0420160	293.566	8.70132e-3
0.0440640	293.566	3.18527e-3
0.0461120	293.566	-6.08444e-3
0.0481600	293.566	3.89099e-4
0.0502080	293.566	4.20761e-3
0.0522560	293.566	1.86920e-4
0.0543040	293.566	3.54767e-4
0.0563520	293.566	3.86429e-3
0.0584000	293.566	6.19125e-3
0.0604480	293.426	8.09479e-3
0.0624960	293.426	-4.57764e-5
0.0645440	293.426	-3.98636e-3
0.0665920	293.426	7.93457e-4
0.0686400	293.426	1.57166e-3
0.0706880	293.426	-8.96454e-4
0.0727360	293.426	1.03760e-3
0.0747840	293.426	3.84140e-3
0.0768320	293.426	3.13187e-3
0.0788800	293.426	2.47955e-3
0.0809280	293.426	2.85721e-3
0.0829760	293.426	2.07138e-3
0.0850240	293.148	2.63596e-3
0.0870720	293.148	7.83539e-3
0.0891200	293.148	3.40652e-3
0.0911680	293.148	-5.47409e-3
0.0932160	293.148	1.01852e-3
0.0952640	293.148	6.32858e-3
0.0973120	293.086	2.63214e-3
0.0993600	293.086	2.38419e-3
0.101408	293.086	3.77274e-3
0.103456	293.086	1.25122e-3
0.105504	293.086	8.23975e-4
0.107552	293.086	3.11279e-3
0.109600	293.086	3.59726e-3
0.111648	293.086	7.20978e-3
0.113696	293.086	0.0138893
0.115744	293.086	3.81851e-3
0.117792	293.086	-7.14111e-3
0.119840	293.086	1.73187e-3
0.121888	292.848	6.81686e-3
0.124960	292.848	5.35965e-3
0.129056	292.848	5.61523e-3
0.133152	292.848	3.79181e-3
0.137248	292.586	3.24631e-3
0.141344	292.586	2.64740e-3
0.145440	292.586	4.88663e-3
0.149536	292.586	4.44794e-3
0.153632	292.586	5.56564e-3
0.157728	292.586	7.38525e-3
0.161824	292.348	-5.22614e-4
0.165920	292.348	6.67191e-3
0.170016	292.348	3.35693e-3
0.174112	292.148	6.81686e-3
0.178208	292.148	9.65118e-3
0.182304	292.148	-1.81198e-3
0.186400	292.148	5.58472e-3
0.190496	292.148	6.03485e-3
0.194592	291.906	4.71878e-3
0.198688	291.906	6.01578e-3
0.202784	291.906	5.30624e-3
0.206880	291.906	8.92639e-3
0.210976	291.906	4.00925e-3
0.215072	291.848	4.45938e-3
0.219168	291.848	7.49969e-3
0.223264	291.848	7.82776e-3
0.227360	291.848	6.24847e-3
0.231456	291.848	0.0120850
0.235552	291.848	1.12534e-3
0.239648	291.668	9.68170e-3
0.243744	291.668	7.37762e-3
0.247840	291.668	8.65936e-3
0.251936	291.668	0.0141258
0.256032	291.668	7.62939e-4
0.260128	291.387	9.85336e-3
0.264224	291.387	6.75964e-3
0.268320	291.387	8.04520e-3
0.272416	291.148	7.16400e-3
0.276512	291.148	5.79834e-3
0.280608	291.148	0.0147018
0.284704	291.148	2.25067e-3
0.290848	291.148	0.0102692
0.299040	291.148	9.23920e-3
0.307232	290.969	9.17053e-3
0.315424	290.969	9.15146e-3
0.323616	290.906	0.0130463
0.331808	290.586	9.42230e-3
0.340000	290.586	8.65173e-3
0.348192	290.586	9.20105e-3
0.356384	290.586	4.38309e-3
0.364576	290.348	8.91495e-3
0.372768	290.188	0.0101891
0.380960	290.188	0.0185127
0.389152	290.047	0.0124855
0.397344	290.047	0.0114021
0.405536	290.047	0.0120392
0.413728	289.707	0.0146561
0.421920	289.707	0.0132256
0.430112	289.707	0.0134506
0.438304	289.586	9.67789e-3
0.446496	289.586	0.0165863
0.454688	289.387	0.0157928
0.462880	289.086	0.0156670
0.471072	289.086	0.0159035
0.479264	289.086	0.0143700
0.487456	289.027	0.0137978
0.495648	289.027	0.0121536
0.503840	289.027	0.0198860
0.512032	289.027	0.0190277
0.520224	289.027	0.0185165
0.528416	288.508	0.0182304
0.536608	288.508	9.92203e-3
0.544800	288.309	0.0142403
0.552992	288.309	0.0151405
0.561184	288.309	0.0238037
0.569376	288.266	0.0207062
0.577568	288.266	0.0216026
0.585760	287.926	0.0210190
0.593952	287.926	0.0208855
0.602144	287.926	0.0181656
0.610336	287.746	0.0163307
0.622624	287.648	0.0196838
0.639008	287.648	0.0238228
0.655392	287.348	0.0208054
0.671776	287.187	0.0262680
0.688160	286.887	0.0270157
0.704544	286.828	0.0247040
0.720928	286.508	0.0229530
0.737312	286.508	0.0253296
0.753696	286.328	0.0215073
0.770080	286.168	0.0251884
0.786464	285.969	0.0267334
0.802848	285.789	0.0269890
0.819232	285.789	0.0294228
0.835616	285.586	0.0328789
0.852000	285.430	0.0316658
0.868384	285.129	0.0298958
0.884768	285.008	0.0329361
0.901152	285.008	0.0302162
0.917536	284.789	0.0303078
0.933920	284.469	0.0359955
0.950304	284.430	0.0392418
0.966688	284.148	0.0349350
0.983072	284.090	0.0328217
0.999456	284.090	0.0366211
1.01584	283.789	0.0376282
1.03222	283.629	0.0398865
1.04861	283.449	0.0413132
1.06499	283.148	0.0420380
1.08138	283.008	0.0402756
1.09776	283.008	0.0434914
1.11414	282.789	0.0476837
1.13053	282.590	0.0465126
1.14691	282.590	0.0410652
1.16330	282.148	0.0451431
1.17968	282.148	0.0583649
1.19606	282.109	0.0487022
1.21245	281.789	0.0474052
1.22883	281.590	0.0536385
1.24522	281.469	0.0571861
1.26160	281.168	0.0546455
1.28618	280.969	0.0545959
1.31894	280.609	0.0654564
1.35171	280.148	0.0620537
1.38448	280.008	0.0649834
1.41725	279.570	0.0688667
1.45002	279.449	0.0697632
1.48278	278.930	0.0728073
1.51555	278.668	0.0795364
1.54832	278.387	0.0797005
1.58109	278.070	0.0813293
1.61386	277.590	0.0861740
1.64662	277.328	0.0940704
1.67939	277.051	0.0904388
1.71216	276.828	0.0953712
1.74493	276.328	0.0991859
1.77770	276.289	0.103825
1.81046	275.551	0.106506
1.84323	275.348	0.113235
1.87600	275.031	0.108234
1.90877	274.809	0.118797
1.94154	274.328	0.119431
1.97430	273.891	0.126740
2.00707	273.809	0.129658
2.03984	273.348	0.133118
2.07261	273.051	0.132832
2.10538	272.809	0.141476
2.13814	272.328	0.151817
2.17091	272.070	0.147316
2.20368	271.730	0.154560
2.23645	271.309	0.158764
2.26922	270.988	0.168270
2.30198	270.750	0.163647
2.33475	270.270	0.171467
2.36752	270.211	0.177895
2.40029	269.691	0.186138
2.43306	269.211	0.188393
2.46582	269.148	0.191849
2.49859	268.672	0.192776
2.53136	268.391	0.196888
2.56413	268.070	0.209263
2.61328	267.531	0.214512
2.67882	266.691	0.224339
2.74435	266.172	0.231590
2.80989	265.551	0.242565
2.87542	264.730	0.252197
2.94096	264.129	0.266647
3.00650	263.512	0.277157
3.07203	262.930	0.286350
3.13757	262.109	0.296040
3.20310	261.473	0.311752
3.26864	260.789	0.318996
3.33418	260.051	0.332870
3.39971	259.449	0.341427
3.46525	258.891	0.358509
3.53078	258.293	0.367130
3.59632	257.473	0.381050
3.66186	256.832	0.392925
3.72739	256.391	0.410507
3.79293	255.711	0.417759
3.85846	254.793	0.432869
3.92400	254.273	0.445618
3.98954	253.793	0.457932
4.05507	252.914	0.470455
4.12061	252.332	0.478416
4.18614	251.754	0.500854
4.25168	251.234	0.504276
4.31722	250.355	0.526600
4.38275	249.715	0.532330
4.44829	249.234	0.551567
4.51382	248.395	0.564285
4.57936	247.715	0.574524
4.64490	247.234	0.587837
4.71043	246.516	0.603138
4.77597	245.754	0.612873
4.84150	245.234	0.626911
4.90704	244.555	0.647373
4.97258	243.773	0.655838
5.03811	243.195	0.672928
5.10365	242.555	0.676399
5.16918	241.996	0.695351
5.26749	240.555	0.717762
5.39856	239.234	0.748077
5.52963	237.855	0.773762
5.66070	236.598	0.801270
5.79178	235.398	0.829517
5.92285	233.957	0.848740
6.05392	232.859	0.876896
6.18499	231.359	0.898823
6.31606	230.199	0.927521
6.44714	228.820	0.946590
6.57821	227.680	0.976654
6.70928	226.199	1.00235
6.84035	225.020	1.02931
6.97142	223.539	1.04976
7.10250	222.262	1.07961
7.23357	221.000	1.10376
7.36464	219.480	1.12540
7.49571	218.402	1.14570
7.62678	216.902	1.16783
7.75786	215.723	1.20077
7.88893	214.363	1.21810
8.02000	212.863	1.24141
8.15107	211.703	1.25285
8.28214	210.305	1.28358
8.41322	209.082	1.30112
8.54429	207.664	1.32702
8.67536	206.563	1.34864
8.80643	205.184	1.37262
8.93750	204.004	1.38714
9.06858	202.625	1.40274
9.19965	201.324	1.41351
9.33072	200.047	1.44610
9.46179	198.605	1.45943
9.59286	197.406	1.48270
9.72394	195.988	1.50488
10.8306	193.629	0.931595
10.8312	193.629	0.931065
10.8322	193.629	0.930424
10.8332	193.629	0.929760
10.8342	193.629	0.929043
10.8353	193.629	0.928429
10.8363	193.590	0.927929
10.8373	193.590	0.927628
10.8383	193.590	0.927383
10.8394	193.590	0.926987
10.8404	193.590	0.926613
10.8414	193.590	0.926235
10.8424	193.590	0.925972
10.8435	193.590	0.925671
10.8445	193.590	0.925179
10.8455	193.590	0.925011
10.8465	193.590	0.925274
10.8475	193.590	0.925533
10.8486	193.590	0.925316
10.8496	193.590	0.924641
10.8506	193.590	0.923725
10.8516	193.590	0.923450
10.8527	193.590	0.923111
10.8537	193.590	0.922848
10.8547	193.590	0.922462
10.8557	193.590	0.921841
10.8568	193.590	0.921535
10.8578	193.590	0.921535
10.8588	193.590	0.921463
10.8598	193.590	0.921181
10.8609	193.590	0.920631
10.8619	193.590	0.920116
10.8629	193.590	0.920094
10.8639	193.590	0.920532
10.8650	193.590	0.920532
10.8660	193.590	0.919743
10.8670	193.590	0.918888
10.8680	193.590	0.918308
10.8691	193.590	0.917706
10.8701	193.590	0.917206
10.8711	193.590	0.917011
10.8726	193.590	0.916565
10.8747	193.590	0.915012
10.8767	193.590	0.914806
10.8788	193.590	0.913990
10.8808	193.590	0.913338
10.8829	193.590	0.913364
10.8849	193.590	0.911922
10.8870	193.590	0.911236
10.8890	193.590	0.911182
10.8911	193.590	0.909927
10.8931	193.590	0.909107
10.8952	193.590	0.908947
10.8972	193.590	0.908802
10.8993	193.590	0.908974
10.9013	193.590	0.907913
10.9034	193.590	0.907391
10.9054	193.590	0.907475
10.9075	193.590	0.906570
10.9095	193.590	0.906090
10.9115	193.590	0.905441
10.9136	193.590	0.904255
10.9156	193.590	0.903400
10.9177	193.590	0.902020
10.9197	193.590	0.901443
10.9218	193.590	0.901154
10.9238	193.590	0.899689
10.9259	193.590	0.898674
10.9279	193.590	0.897446
10.9300	193.590	0.895847
10.9320	193.590	0.895023
10.9341	193.590	0.894707
10.9361	193.590	0.894413
10.9382	193.590	0.894093
10.9402	193.590	0.893223
10.9423	193.590	0.892960
10.9443	193.590	0.891750
10.9464	193.590	0.890717
10.9484	193.590	0.890556
10.9505	193.590	0.888985
10.9525	193.590	0.888363
10.9556	193.590	0.886536
10.9597	193.590	0.884914
10.9638	193.590	0.883492
10.9679	193.590	0.882359
10.9720	193.590	0.882439
10.9761	193.590	0.882530
10.9802	193.590	0.880985
10.9843	193.590	0.879097
10.9883	193.590	0.878387
10.9924	193.590	0.876438
10.9965	193.590	0.875885
11.0006	193.590	0.874081
11.0047	193.590	0.873714
11.0088	193.590	0.872086
11.0129	193.590	0.871170
11.0170	193.590	0.869907
11.0211	193.590	0.867714
11.0252	193.590	0.865662
11.0293	193.590	0.864750
11.0334	193.590	0.863365
11.0375	193.590	0.862206
11.0416	193.590	0.860500
11.0457	193.590	0.860580
11.0498	193.590	0.858257
11.0539	193.590	0.855854
11.0580	193.590	0.855007
11.0621	193.590	0.854698
11.0662	193.590	0.854633
11.0703	193.590	0.854744
11.0744	193.590	0.853111
11.0785	193.590	0.852238
11.0826	193.590	0.850170
11.0867	193.590	0.849289
11.0907	193.590	0.848301
11.0948	193.590	0.846603
11.0989	193.590	0.844788
11.1030	193.590	0.843536
11.1071	193.590	0.841835
11.1112	193.590	0.840996
11.1153	193.590	0.839561
11.1215	193.590	0.838169
11.1297	193.590	0.834450
11.1379	193.590	0.834137
11.1460	193.590	0.831505
11.1542	193.590	0.828983
11.1624	193.590	0.828201
11.1706	193.590	0.826969
11.1788	193.590	0.825211
11.1870	193.590	0.822044
11.1952	193.590	0.819271
11.2034	193.590	0.817448
11.2116	193.590	0.816235
11.2198	193.590	0.815708
11.2280	193.590	0.813366
11.2362	193.590	0.810516
11.2443	193.570	0.806763
11.2525	193.570	0.805157
11.2607	193.570	0.801723
11.2689	193.570	0.799702
11.2771	193.570	0.798710
11.2853	193.570	0.797260
11.2935	193.570	0.795803
11.3017	193.570	0.792740
11.3099	193.570	0.792786
11.3181	193.570	0.790333
11.3263	193.570	0.787666
11.3345	193.570	0.785053
11.3427	193.570	0.782837
11.3508	193.570	0.781715
11.3590	193.570	0.780491
11.3672	193.570	0.778465
11.3754	193.570	0.775585
11.3836	193.570	0.774437
11.3918	193.570	0.772453
11.4000	193.570	0.771225
11.4082	193.570	0.767879
11.4164	193.570	0.766392
11.4246	193.570	0.764488
11.4328	193.570	0.762032
11.4410	193.570	0.761856
11.4532	193.570	0.756927
11.4696	193.570	0.753624
11.4860	193.570	0.751381
11.5024	193.570	0.747677
11.5188	193.570	0.743755
11.5515	193.570	0.737171
11.5679	193.570	0.734871
11.5843	193.570	0.731079
11.6007	193.570	0.727516
11.6171	193.570	0.724159
11.6335	193.570	0.722099
11.6499	193.570	0.717682
11.6662	193.570	0.715267
11.6826	193.570	0.712070
11.6990	193.570	0.709652
11.7154	193.570	0.707340
11.7318	193.570	0.703880
11.7482	193.570	0.700695
11.7645	193.570	0.697838
11.7809	193.570	0.693939
11.7973	193.570	0.690468
11.8137	193.570	0.688900
11.8301	193.570	0.685448
11.8465	193.551	0.682819
11.8628	193.551	0.678894
11.8792	193.551	0.676861
11.8956	193.551	0.673840
11.9120	193.551	0.670021
11.9284	193.551	0.668118
11.9448	193.551	0.666313
11.9611	193.551	0.663460
11.9775	193.551	0.660454
11.9939	193.551	0.656967
12.0103	193.551	0.655533
12.0267	193.551	0.653389
12.0431	193.570	0.649670
12.0595	193.570	0.646427
12.0758	193.570	0.644321
12.0922	193.570	0.643822
12.1168	193.570	0.639931
12.1496	193.570	0.633816
12.1823	193.570	0.627789
12.2151	193.570	0.624241
12.2479	193.547	0.618752
12.2806	193.547	0.614655
12.3134	193.547	0.612080
12.3462	193.547	0.602367
12.3789	193.547	0.600418
12.4117	193.547	0.596806
12.4445	193.527	0.593678
12.4772	193.527	0.586723
12.5100	193.527	0.582962
12.5428	193.527	0.579952
12.5755	193.527	0.575115
12.6083	193.527	0.569519
12.6411	193.527	0.568054
12.6739	193.527	0.564957
12.7066	193.527	0.559711
12.7394	193.527	0.555923
12.7722	193.527	0.552013
12.8049	193.527	0.548794
12.8377	193.527	0.544270
12.8705	193.527	0.540382
12.9032	193.527	0.536404
12.9360	193.527	0.533813
12.9688	193.527	0.528671
13.0015	193.527	0.525204
13.0343	193.527	0.523567
13.0671	193.527	0.520725
13.0998	193.527	0.515446
13.1326	193.527	0.512741
13.1654	193.527	0.510166
13.1981	193.527	0.506104
13.2309	193.527	0.504005
13.2637	193.504	0.500492
13.2964	193.504	0.497639
13.3292	193.504	0.493984
13.3620	193.504	0.490368
13.3947	193.504	0.487415
13.4439	193.504	0.482166
13.5094	193.504	0.475166
13.5750	193.504	0.472557
13.6405	193.504	0.465508
13.7060	193.504	0.461445
13.7716	193.504	0.453373
13.8371	193.504	0.450558
13.9027	193.504	0.444393
13.9682	193.504	0.440224
14.0337	193.504	0.434891
14.0993	193.504	0.430939
14.1648	193.504	0.425953
14.2303	193.504	0.421017
14.2959	193.484	0.417171
14.3614	193.484	0.412281
14.4269	193.484	0.408131
14.4925	193.480	0.403389
14.5580	193.480	0.400749
14.6235	193.480	0.396019
14.6891	193.480	0.392105
14.7546	193.480	0.388546
14.8202	193.480	0.383633
14.8857	193.480	0.379070
14.9512	193.480	0.376060
15.0168	193.480	0.372486
15.0823	193.480	0.369068
15.1478	193.480	0.365353
15.2134	193.480	0.362469
15.2789	193.484	0.358829
15.3444	193.484	0.355427
15.4100	193.484	0.351444
15.4755	193.480	0.350170
15.5411	193.480	0.346783
15.6066	193.480	0.342804
15.6721	193.480	0.339687
15.7377	193.480	0.336777
15.8032	193.480	0.334442
15.8687	193.461	0.331234
15.9343	193.461	0.326836
15.9998	193.461	0.325470
16.0981	193.480	0.319832
16.2292	193.480	0.315937
16.3603	193.480	0.310379
16.4913	193.461	0.304546
16.6224	193.461	0.299423
16.7535	193.461	0.295471
16.8845	193.461	0.290199
17.0156	193.461	0.285278
17.1467	193.461	0.280758
17.2778	193.461	0.276470
17.4088	193.461	0.273819
17.5399	193.461	0.270954
17.6710	193.461	0.266838
17.8020	193.461	0.263298
17.9331	193.441	0.262489
18.0642	193.441	0.255600
18.1953	193.441	0.252007
18.3263	193.441	0.250866
18.4574	193.441	0.246387
18.5885	193.441	0.242218
18.7195	193.441	0.240051
18.8506	193.441	0.237572
18.9817	193.441	0.234089
19.1128	193.441	0.233013
19.2438	193.441	0.228443
19.3749	193.441	0.227161
19.5060	193.441	0.223755
19.6371	193.441	0.221004
19.7681	193.441	0.219727
19.8992	193.441	0.216228
20.0303	193.441	0.213898
20.1613	193.441	0.211823
20.2924	193.441	0.208866
20.4235	193.441	0.205811
20.5546	193.441	0.204346
20.6856	193.441	0.203144
20.8167	193.441	0.200962
20.9478	193.441	0.200466
21.0788	193.441	0.197926
21.2099	193.441	0.195671
21.4065	193.438	0.191486
21.6687	193.418	0.187939
21.9308	193.418	0.184040
22.1930	193.438	0.180878
22.4551	193.418	0.177597
22.7172	193.418	0.173580
22.9794	193.422	0.169689
23.2415	193.441	0.167530
23.5037	193.418	0.163906
23.7658	193.441	0.161736
24.0280	193.418	0.158237
24.2901	193.418	0.155800
24.5523	193.418	0.154301
24.8144	193.418	0.152485
25.0765	193.418	0.150661
25.3387	193.422	0.147808
25.6008	193.398	0.145348
25.8630	193.418	0.143330
26.1251	193.418	0.140739
26.3873	193.398	0.140476
26.6494	193.418	0.136887
26.9115	193.398	0.134892
27.1737	193.398	0.133015
27.4358	193.418	0.131214
27.6980	193.418	0.129414
27.9601	193.398	0.128452
28.2223	193.398	0.126408
28.4844	193.398	0.123829
28.7466	193.398	0.122322
29.0087	193.398	0.121784
29.2708	193.398	0.119183
29.5330	193.398	0.118782
29.7951	193.398	0.116310
30.0573	193.398	0.115665
30.3194	193.398	0.114117
30.5816	193.398	0.113495
30.8437	193.398	0.112652
31.1059	193.398	0.110821
31.3680	193.398	0.109730
31.6301	193.398	0.109997
32.0234	193.398	0.106773
32.5476	193.398	0.104950
33.0719	193.398	0.101902
33.5962	193.398	0.0994301
34.1205	193.398	0.0976677
34.6448	193.398	0.0958443
35.1691	193.398	0.0935402
35.6934	193.359	0.0903320
36.2177	193.359	0.0903282
36.7419	193.359	0.0899124
37.2662	193.398	0.0869293
37.7905	193.359	0.0865097
38.3148	193.359	0.0849190
38.8391	193.398	0.0829391
39.3634	193.359	0.0815201
39.8877	193.398	0.0786209
40.4120	193.359	0.0788498
40.9363	193.359	0.0764313
41.4605	193.359	0.0768204
41.9848	193.359	0.0762787
42.5091	193.359	0.0731430
43.0334	193.359	0.0736237
43.5577	193.359	0.0717545
44.0820	193.359	0.0683670
45.1306	193.359	0.0689316
45.6548	193.359	0.0684090
47.2277	193.359	0.0619087
48.2763	193.359	0.0651703
48.8006	193.355	0.0652542
50.3734	193.359	0.0614662
51.9463	193.359	0.0577850
53.2570	193.355	0.0586281
56.4027	193.359	0.0537834
57.4513	193.359	0.0499420
58.4999	193.359	0.0500793
59.5485	193.359	0.0501328
60.5971	193.340	0.0469856
61.6456	193.359	0.0447960
62.6942	193.340	0.0449867
63.7428	193.340	0.0442581
64.7914	193.340	0.0448837
65.8399	193.316	0.0453186
66.8885	193.320	0.0440178
67.9371	193.340	0.0420837
68.9857	193.316	0.0411339
70.0342	193.316	0.0411530
71.0828	193.320	0.0406837
72.1314	193.340	0.0372620
73.1800	193.340	0.0373535
74.2285	193.320	0.0368690
75.2771	193.320	0.0360413
76.3257	193.340	0.0380936
77.3743	193.320	0.0358009
78.4228	193.320	0.0349998
79.4714	193.320	0.0349007
80.5200	193.320	0.0341263
81.5686	193.320	0.0326424
82.6171	193.320	0.0352402
83.6657	193.324	0.0323448
84.7143	193.320	0.0321693
85.7629	193.316	0.0308037
86.8115	193.316	0.0316849
87.8600	193.320	0.0305405
88.9086	193.316	0.0305710
89.9572	193.320	0.0304527
91.0058	193.320	0.0302353
92.0543	193.320	0.0288620
93.1029	193.320	0.0292206
94.1515	193.320	0.0280418
95.7243	193.320	0.0279770
97.8215	193.316	0.0266151
99.9187	193.316	0.0234833
102.016	193.320	0.0252914
104.113	193.340	0.0245667
106.210	193.320	0.0232887
108.307	193.316	0.0232124
110.404	193.320	0.0220985
112.502	193.316	0.0221825
114.599	193.316	0.0226746
116.696	193.320	0.0206871
118.793	193.320	0.0203819
120.890	193.340	0.0203743
122.987	193.320	0.0202293
125.084	193.320	0.0204315
127.182	193.320	0.0197792
129.279	193.320	0.0190392
131.376	193.316	0.0180511
133.473	193.316	0.0168686
135.570	193.316	0.0183716
137.667	193.316	0.0179291
139.765	193.316	0.0160294
141.862	193.316	0.0185699
143.959	193.320	0.0158768
146.056	193.316	0.0174751
148.153	193.316	0.0143776
150.250	193.316	0.0145950
152.347	193.316	0.0164642
154.445	193.316	0.0146828
156.542	193.316	0.0149231
158.639	193.316	0.0145988
160.736	193.316	0.0132751
162.833	193.316	0.0146751
164.930	193.320	6.62613e-3
167.028	193.297	0.0147476
169.125	193.316	0.0127449
171.222	193.320	0.0115204
173.319	193.301	0.0142326
175.416	193.301	0.0137367
177.513	193.301	0.0124817
180.659	193.301	0.0111847
184.853	193.301	0.0108795
189.048	193.301	0.0120430
193.242	193.301	0.0110703
197.436	193.301	0.0105743
201.631	193.297	0.0101662
205.825	193.281	0.0117989
210.019	193.301	0.0100250
214.213	193.281	0.0107918
218.408	193.297	7.86209e-3
222.602	193.281	9.80759e-3
226.796	193.301	8.73566e-3
230.991	193.301	8.03375e-3
235.185	193.301	0.0101585
239.379	193.301	9.74274e-3
243.574	193.301	8.13293e-3
247.768	193.281	6.06537e-3
251.962	193.305	7.13730e-3
256.156	193.301	7.64847e-3
260.351	193.301	7.22122e-3
264.545	193.281	7.13348e-3
268.739	193.305	7.11060e-3
272.934	193.301	3.72696e-3
277.128	193.301	6.69861e-3
281.322	193.281	3.93295e-3
285.517	193.281	7.26318e-3
289.711	193.277	6.31332e-3
293.905	193.281	5.40161e-3
298.100	193.301	3.92914e-3
302.294	193.281	5.86319e-3
306.488	193.301	5.55038e-3
310.682	193.277	5.08499e-3
314.877	193.281	5.18417e-3
319.071	193.301	6.00433e-3
323.265	193.281	3.51334e-3
327.460	193.281	4.16183e-3
331.654	193.281	3.58963e-3
335.848	193.301	5.50842e-3
340.043	193.301	4.65775e-3
344.237	193.301	3.81851e-3
350.528	193.281	3.81088e-3
358.917	193.281	3.32260e-3
367.306	193.297	4.76837e-3
375.694	193.301	3.07465e-3
384.083	193.301	3.85666e-3
392.471	193.281	2.63596e-3
400.860	193.281	2.63977e-3
409.249	193.281	3.89481e-3
417.637	193.301	1.23596e-3
426.026	193.301	7.40051e-4
434.414	193.281	1.53351e-3
442.803	193.301	2.93732e-4
451.192	193.301	1.89972e-3
459.580	193.301	3.02124e-3
467.969	193.301	2.56348e-3
476.357	193.281	1.21689e-3
484.746	193.281	2.57874e-3
493.135	193.281	1.01089e-3
501.523	193.281	2.78091e-3
509.912	193.285	3.60870e-3
518.300	193.281	2.81143e-3
526.689	193.281	3.25394e-3
535.078	193.285	2.17438e-3
543.466	193.285	1.12152e-3
551.855	193.285	2.22015e-3
560.243	193.285	1.67465e-3
568.632	193.285	1.15204e-3
577.021	193.285	5.49316e-4
585.409	193.285	8.85010e-4
593.798	193.285	5.60760e-4
602.187	193.266	1.05286e-3